1 10 
1 17 
1 37 
1 49 
1 57 
1 104 
1 135 
1 226 
1 249 
1 338 
1 345 
1 377 
1 438 
1 476 
1 479 
1 488 
1 499 
1 500 
1 504 
1 532 
1 565 
1 615 
1 661 
1 708 
1 870 
1 877 
1 917 
1 1049 
1 1097 
1 1099 
1 1104 
1 1133 
1 1140 
1 1174 
1 1311 
1 1347 
1 1370 
1 1389 
1 1564 
1 1579 
1 1638 
1 1710 
1 1719 
1 1789 
1 1832 
1 2032 
1 2038 
1 2191 
1 2251 
1 2281 
1 2326 
1 2415 
1 2476 
1 2534 
1 2664 
1 2670 
1 2695 
1 2699 
1 2829 
1 2902 
1 2931 
1 2936 
1 2984 
1 3063 
1 3162 
1 3178 
1 3262 
1 3339 
1 3343 
1 3402 
1 3443 
1 3481 
1 3526 
1 3619 
1 3639 
1 3857 
1 4090 
1 4125 
1 4146 
1 4249 
1 4358 
1 4411 
1 4429 
1 4530 
1 4625 
1 4753 
1 4809 
1 4949 
1 5047 
1 5185 
1 5208 
1 5256 
1 5349 
1 5394 
1 5481 
1 5499 
1 5524 
1 5536 
1 5539 
1 5546 
1 5565 
1 5723 
1 5734 
1 5813 
1 5823 
1 5833 
1 5839 
1 5880 
1 5941 
1 6037 
1 6091 
1 6214 
1 6265 
1 6347 
1 6484 
1 6574 
1 6627 
1 6646 
1 6649 
1 6703 
1 6704 
1 6709 
1 6768 
1 6801 
1 6895 
1 6950 
1 6982 
1 6987 
1 7019 
1 7045 
1 7085 
1 7099 
1 7201 
1 7311 
1 7354 
1 7408 
1 7430 
1 7439 
1 7457 
1 7458 
1 7642 
1 7692 
1 7718 
1 7732 
1 7795 
1 7842 
1 7886 
1 7952 
1 8012 
1 8092 
1 8171 
1 8243 
1 8450 
1 8480 
1 8483 
1 8611 
1 8632 
1 8682 
1 8757 
1 8769 
1 8828 
1 8842 
1 8844 
1 8883 
1 9061 
1 9063 
1 9082 
1 9088 
1 9275 
1 9288 
1 9405 
1 9804 
1 10057 
1 10104 
1 10155 
1 10229 
1 10265 
1 10311 
1 10425 
1 10462 
1 10485 
1 10565 
1 10600 
1 10732 
1 10759 
1 10847 
1 10881 
1 11057 
1 11058 
1 11061 
1 11069 
1 11097 
1 11098 
1 11118 
1 11127 
1 11166 
1 11362 
1 11394 
1 11477 
1 11532 
1 11558 
1 11571 
1 11621 
1 11626 
1 11630 
1 11641 
1 11752 
1 11768 
1 11794 
1 11830 
1 11952 
1 11955 
1 11956 
1 12023 
1 12077 
1 12078 
1 12175 
1 12239 
1 12335 
1 12419 
1 12520 
1 12570 
1 12600 
1 12789 
1 13009 
1 13025 
1 13383 
1 13469 
1 13855 
1 13916 
1 13972 
1 14045 
1 14184 
1 14634 
1 14675 
1 14761 
1 14878 
1 14927 
