4 31 11097 591 10970 917 11024 11017 532 11069 2740 2728 5135 11012 1691 6747 11070 2239 3946 5392 17 11090 7302 3779 11116 6713 4358 8808 2240 11098 4573 5840 11057 
3 39 11097 545 4678 11293 3701 3918 338 5529 9701 8294 6038 11559 11602 11641 1966 11613 5917 11620 11642 11693 11730 1126 2326 3689 6950 1278 5367 11955 5231 4054 11916 5959 8632 11869 5167 11907 5745 5724 9679 
2 16 11620 1379 11574 615 188 11481 11512 11506 11529 5536 9164 6347 11457 2664 5103 7142 
2 33 591 9376 8670 205 1219 2922 8725 4217 11105 2693 9360 11087 4742 3619 11016 6161 8895 11005 1564 6927 4966 504 11108 1375 11028 237 10974 2476 3637 10890 2668 2068 10877 
1 11 2476 9110 308 4385 2534 11130 11178 2546 11231 2193 7457 
2 50 1564 14 10935 10880 10850 168 7031 3310 2123 1565 8339 10598 9361 3865 1481 10472 10441 1652 10433 3425 10443 8581 198 10485 7690 3385 3891 1140 3048 7581 3776 4949 9659 2381 3548 633 10584 4282 2933 5941 528 10467 3341 10496 2482 6331 9365 658 5098 10311 
1 12 7873 12198 7057 3719 7550 3958 9581 6257 5394 12155 12140 5499 
3 28 7873 12130 1719 8253 12070 149 7657 12005 5012 3857 7812 4211 11829 2471 1229 5520 7897 6132 11640 11649 7696 948 9101 7692 7063 5987 7318 3701 
2 27 7692 6633 11541 9415 11488 9233 8118 4769 8450 5117 11399 5355 3757 11390 11360 11394 474 11383 2780 2299 4394 11206 8010 1750 11104 11079 308 
2 27 11383 7655 7004 5415 6106 11408 562 8589 6806 11477 6671 5891 3499 11441 11416 11447 3818 5968 11465 11497 9491 11454 7576 6768 11388 9840 11261 
1 15 6106 8810 11558 2729 11711 11764 5809 4083 11963 5603 3058 12105 9533 4273 12239 
2 50 12198 12235 1028 5823 12336 5342 509 265 5399 2872 12658 12722 12788 8016 7224 267 2868 3784 13188 6829 6115 13357 3463 13428 3188 111 13525 1926 5746 3177 13622 7609 5634 4625 13560 484 6092 6922 7175 3292 13565 7287 5340 9063 8853 7464 4405 13383 2906 13390 
1 20 3292 4606 3836 13772 6791 13852 13905 2977 13995 8032 3323 14096 663 93 14240 5494 14333 6614 14430 5019 
1 23 111 2743 9185 13625 6473 8524 7237 13611 2460 9037 7314 1953 13669 2619 6675 523 7212 6531 7660 13694 4986 6856 13760 
1 23 13760 9043 864 7460 5173 13972 14008 14070 14105 327 5430 14232 6689 3215 14355 14381 4746 4734 14475 7426 8709 1779 9317 
1 14 11940 11891 11890 11855 6393 11844 11843 4280 8434 11824 4587 4117 3343 3587 
1 2 3343 9577 
1 25 11891 693 11771 3289 11697 6362 5207 4448 5821 11396 8009 8467 11290 2840 6290 6482 11061 11026 4883 6020 879 10849 7600 10799 476 
1 7 4883 6246 10998 10971 10959 8659 7115 
1 61 3587 1137 4866 11939 9026 1476 12041 4536 12099 6722 7274 12048 1902 7856 356 12067 12017 9213 7238 7670 3723 6602 4753 7846 2524 1777 7535 11923 7293 11921 11949 7392 8569 4233 11860 1314 11816 11762 194 1825 11571 8794 4838 11418 886 8499 11303 8772 11195 7732 1285 932 10984 2033 6585 2038 4041 10671 4293 7709 3213 
1 9 10311 10343 4057 4094 10423 2853 10435 2436 10425 
1 8 65 10522 5547 10528 881 4366 10548 3213 
1 6 886 5568 11397 7629 1844 11442 
1 24 4753 11775 11716 3038 11580 6037 1432 9223 1754 11296 7672 9082 6968 3280 11059 3454 10997 10953 2552 7893 10860 4321 8263 10720 
1 58 943 11656 3607 9682 3814 11707 4227 11801 1107 11841 4816 11786 4668 11777 972 6353 1104 8716 11766 5262 184 9770 7842 11805 6662 11799 11802 8869 1485 6073 11825 6322 11756 7256 5434 9505 7441 1295 534 11726 3078 4960 11630 1682 5689 8442 6051 11568 6270 2097 11539 5112 2227 3886 6493 9127 207 6768 
1 13 2097 3191 5039 7841 8715 11336 6982 7799 11286 8166 9781 3450 11139 
1 13 11261 3083 11217 11201 7619 8455 9375 11313 3921 5346 1445 11282 7457 
1 2 7457 11228 
1 18 3857 11996 12034 3834 12097 5546 4214 2254 1154 12190 12173 12184 1930 12216 1341 6994 3430 12239 
1 17 7657 4565 9302 3744 4114 12252 9085 12296 8416 7417 2590 9384 4251 9032 489 12572 749 
1 41 1966 7273 531 102 2134 11958 8743 12062 6091 12098 5499 5163 213 12255 5613 12342 12382 5573 878 5919 3262 12702 5838 9171 12875 4283 6085 5035 13009 5097 13112 2785 8941 8923 13311 9543 5096 2212 45 13590 7212 
1 7 5838 12774 7539 12783 7221 12688 7400 
1 16 2068 10774 1088 756 3597 10622 10581 500 791 4297 10547 2911 2070 10551 10527 9361 
1 25 11465 7143 3875 5371 9313 11768 2961 11885 8948 11954 905 3120 12072 9474 12071 6172 8764 2862 12096 2653 9605 8594 12107 3569 2984 
2 12 7709 10557 8169 6165 10565 692 1387 49 4003 8876 3599 8012 
1 3 8009 6861 11304 
1 6 6482 2839 11162 11149 6564 6627 
1 8 11364 4291 8958 9055 2585 11127 11106 11066 
2 8 7960 11598 6709 11533 2894 11422 8538 11364 
2 9 4291 11321 6119 3629 6540 11227 11279 11319 8538 
1 3 11364 8269 6730 
1 2 8269 43 
1 2 11321 8538 
1 6 3629 11137 8531 11120 4287 11066 
1 4 43 8928 8328 2894 
1 2 6730 4291 
2 4 476 2676 10932 8659 
2 6 476 1079 5654 10751 4195 8200 
2 6 10849 7780 1832 3090 10666 2637 
1 5 476 10718 9006 6155 10616 
1 4 1832 3476 1601 8830 
1 5 6627 343 11074 5106 10998 
1 4 8467 11297 11269 11308 
1 3 3289 3459 7330 
1 8 4448 5339 4186 11653 6077 2644 11791 11844 
1 10 11061 11040 5683 11014 10990 3386 3375 8347 5259 10976 
1 6 8012 10469 3667 9821 1286 2040 
1 7 8012 9292 10566 7834 7251 7002 1211 
1 6 49 10493 428 4706 3538 5856 
1 7 10713 10715 1787 5995 10678 7390 7709 
1 6 7732 5475 9108 3355 11125 8274 
1 6 11442 715 1798 8407 6046 7311 
1 5 11442 11386 2079 11275 2356 
1 10 194 2295 11798 11833 4699 5293 11765 8102 6892 7311 
1 7 11571 5146 4432 9133 1607 4907 8429 
1 12 11688 11694 8673 11650 6214 3066 11645 11691 11745 11755 2856 11775 
1 6 3454 7582 452 2670 1248 1860 
1 7 6214 2086 173 11500 11468 1327 1754 
1 9 9082 11207 502 2438 1584 11252 77 6089 11307 
1 11 2670 9093 3393 8303 6878 11216 4143 11247 11221 7461 924 
1 6 6037 11545 9708 6096 2774 11532 
1 5 924 1261 6733 11479 11532 
1 6 3213 6152 5016 9071 2104 1020 
1 15 10759 1419 10744 10746 1518 10732 94 10709 7529 10651 4001 8757 10608 3611 5941 
1 6 2381 10582 1821 3789 6655 1789 
1 4 10759 10789 6162 4309 
1 5 10759 5172 5261 4874 10881 
1 4 10608 6385 5360 6987 
1 18 10789 10779 1370 10783 10795 8243 10847 10837 6517 10870 10842 9209 10745 3528 5256 10712 4631 2987 
2 7 2906 5938 8260 13233 8027 2516 4429 
1 5 13390 1386 13356 5565 15102 
2 8 13383 13430 9438 13513 2646 13559 7073 13635 
1 4 9063 9562 988 2646 
2 16 4429 6854 13008 6147 5873 7458 9244 12633 3585 12520 12473 8828 12351 6658 5051 12239 
1 10 12520 529 1113 12563 2129 9810 12600 8720 3369 8129 
1 9 749 12640 4040 9300 5100 8348 1665 7438 12520 
1 5 13383 7352 13338 8867 2810 
1 9 6856 13711 4482 13646 13612 6940 871 6235 13469 
1 5 4986 2231 13842 196 13921 
1 4 13921 8250 2477 13972 
1 4 6940 4241 13642 2835 
1 3 13995 7971 865 
1 7 6791 6018 13936 6100 7135 9631 6574 
2 16 3569 12132 3303 12213 12227 6043 8793 3672 2253 3796 8459 12340 12363 6749 12411 185 
1 15 1104 1169 5731 12060 6797 12159 5598 9229 1208 6110 4249 12371 3163 6383 6985 
1 9 4249 16 12507 7323 7883 7359 4459 5178 3452 
1 13 2227 8382 3700 8516 7727 11603 1463 11631 620 7064 3565 4703 11768 
1 14 5809 11850 11823 1703 8747 5540 36 11872 9056 9187 12013 951 4839 905 
1 11 5231 11980 3624 7019 12103 12137 1242 2064 12178 4313 2829 
1 8 5103 1091 5655 6740 126 11731 3075 8632 
1 7 4358 11157 3402 4097 3755 11373 2664 
2 22 1005 14921 9204 7421 5825 4852 14890 825 3269 2138 7366 14878 7635 434 4837 14822 4149 14808 1055 9785 6339 6924 
1 11 1005 14906 2098 2779 2640 5264 7119 1409 2695 3225 8430 
3 6 2098 2053 8842 503 14905 7421 
1 4 2695 14807 14785 3783 
1 4 14878 1102 14852 170 
1 7 1055 2802 5846 14683 14655 4203 6785 
1 16 12137 6586 3208 12187 1795 6345 4090 9163 609 7085 4801 4122 12065 4078 6250 5499 
3 23 2932 7453 3218 7036 711 8949 9715 3935 14758 411 14698 3162 4582 14579 6657 14511 14468 3555 4401 14353 14307 4207 14183 
3 2 2932 7229 
3 15 7229 14896 14886 8440 14865 6609 14839 4993 3867 9789 14747 1377 2788 1524 14692 
2 8 14183 2818 14200 2628 8844 5792 9048 6811 
1 9 14183 14138 7623 14057 8557 13993 13953 13911 13855 
1 11 13855 13878 13896 874 13829 2765 13824 833 5102 13804 2710 
1 11 14057 6807 14045 7387 13952 4473 7488 584 8411 13853 2710 
1 20 14045 7830 2452 14077 3000 3095 8121 14133 1313 7718 14130 14128 2635 8454 9420 6120 8942 1141 8317 14113 
1 17 14692 5397 1962 7527 7171 1036 14478 14424 14387 7485 14351 14309 7714 4894 14199 2415 14113 
1 4 8844 14187 14124 4463 
2 3 2415 14127 3346 
1 3 1550 14052 164 
1 8 2223 1780 8326 6659 9620 14534 14507 14465 
1 7 14465 8098 14451 14450 7795 1671 85 
2 7 85 14329 9278 2746 2999 14271 1057 
1 10 85 14414 2521 14485 7652 3406 7041 14610 14625 2223 
1 11 7795 14385 7261 3474 14347 14319 14356 3022 9272 8801 6484 
2 4 14534 6084 8602 6484 
2 5 2521 3192 14398 1648 34 
1 14 1586 6980 1647 2071 1830 14793 3361 14780 9021 1175 5720 361 14688 2223 
1 6 5886 7125 6601 9651 8612 8345 
1 5 9651 13599 13650 13629 13587 
1 4 5886 2056 13547 13587 
1 7 5886 7663 8214 3881 7603 13304 30 
1 5 3580 8639 9109 15103 30 
1 7 3580 9000 13512 13515 15105 5787 6601 
1 8 10616 7470 10540 6318 5007 7526 10462 7219 
5 13 8902 8896 10163 1097 10158 1099 7080 5481 3730 10155 4462 7430 10126 
5 5 3730 10227 10229 10219 1099 
5 4 1687 10104 5047 5481 
5 4 1687 10089 10113 4462 
5 5 10104 3673 10091 5796 1097 
5 3 3673 446 1099 
5 5 446 5378 5047 8333 10155 
1 2 5481 10229 
1 2 3673 1687 
1 10 10976 11021 8992 696 8171 11119 9405 4640 218 11289 
1 6 9405 11110 7029 1689 4151 6610 
2 8 14199 330 4484 14325 419 8470 14388 8043 
1 6 185 2990 12367 3009 12345 430 
1 7 185 12440 3978 8484 1430 9195 9136 
1 6 185 4830 12509 1965 12519 4452 
1 4 4452 12472 3937 8459 
1 6 8459 12326 7160 5389 4697 12392 
1 3 8484 8116 8603 
3 4 430 4310 12412 15094 
3 5 12251 1560 2250 4150 12239 
2 6 5689 3041 2390 862 11806 7676 
1 7 11630 6653 6260 364 695 1712 6982 
1 15 5809 3551 11789 11790 2989 3011 8998 11773 4292 11813 1629 11803 6007 11784 2471 
1 5 205 2666 1226 7315 6867 
1 7 11529 6895 3339 11702 11752 1525 6950 
1 17 1755 14825 5407 7439 331 14841 5966 5723 1207 7980 5834 3546 14862 1223 14874 8940 14887 
1 7 7265 14919 1725 8593 6275 6149 9308 
1 4 7265 3661 14885 801 
1 5 7265 645 14922 2867 1002 
1 4 7265 1197 2011 8547 
1 11 8547 386 14934 625 14931 6912 3934 14932 5442 2463 8510 
1 38 110 10026 1460 3325 9461 2953 2363 7930 268 10149 3616 3526 10232 6080 1298 10286 5910 10265 314 8685 3601 1503 3811 2230 10315 1841 7484 8771 329 3618 727 3545 10466 8042 10512 10479 7111 10467 
1 11 110 10071 3470 8678 5129 3100 5422 10342 479 1818 10472 
1 8 1347 6678 5349 3018 4314 10572 10541 3048 
1 6 6867 8745 889 5349 5936 1789 
1 5 10584 9804 7984 6893 6987 
1 6 1347 9095 8390 4580 8792 917 
1 8 4580 7038 10738 1329 9558 7480 260 2381 
1 15 7038 10802 2388 9248 3639 10852 4183 1628 201 1146 3372 10920 135 230 2239 
1 6 10802 4047 2338 7414 888 6987 
1 4 5360 10740 10782 201 
1 18 11087 390 7626 2485 7809 9176 708 11265 1372 11262 784 11317 5692 11305 9800 11215 7797 2003 
1 3 11097 2003 9376 
1 4 708 2540 7454 8725 
1 10 4742 11122 9363 11198 5981 1139 5312 2804 11434 4769 
1 10 11069 1710 7452 8219 11232 326 5880 2579 11425 8294 
1 10 5880 3951 9155 8926 9629 84 11489 11528 8086 1379 
1 17 9155 11318 5221 1977 11306 1855 11322 11352 978 11362 8887 11372 6877 4923 7796 499 6347 
1 3 11362 11403 188 
1 11 2239 19 11152 2382 5185 6650 2255 2444 1735 11391 499 
1 6 5135 7778 11118 26 5506 19 
1 5 2728 7892 9448 10896 3639 
1 3 5349 10725 8745 
1 4 5349 10725 8495 1347 
1 4 5349 10725 9451 1226 
1 6 5349 6440 7912 10573 7536 3048 
1 3 4949 10 9088 
1 2 9088 10 
1 4 3776 956 8748 5936 
1 2 377 6867 
1 11 377 5615 88 2259 3235 3998 10568 301 7514 9186 1481 
1 8 5615 3780 5836 136 10961 11011 8431 9360 
1 4 9088 2735 10406 1841 
1 3 10 6909 329 
1 5 2735 9018 2185 10409 1140 
1 4 9088 3210 10486 1140 
1 2 9088 4949 
1 7 3811 6890 2281 8960 3688 4411 1841 
1 4 4411 4865 10340 329 
1 27 4411 4865 9648 2918 3715 887 10255 10296 6464 10218 6300 9502 10200 10173 4884 10119 5833 10074 245 2124 10041 4637 9064 2202 4353 7416 10057 
1 11 10049 6529 7604 2237 9968 6684 4378 5819 2878 849 10057 
1 2 10049 10057 
1 3 11097 11044 917 
1 8 5499 4780 7829 5303 7979 12308 3685 234 
1 14 8016 12866 5073 12973 5659 13055 13048 5719 2630 13090 7560 3081 2567 5035 
1 7 148 4454 12220 12251 7521 124 5051 
1 8 8828 12385 979 4525 9130 7755 12246 1341 
1 3 12473 98 8828 
1 5 8720 12638 4308 12743 12789 
1 9 12789 12836 12902 661 12848 3071 9588 9655 1113 
1 2 13233 1465 
1 3 819 13298 8867 
1 6 5565 3577 13441 1810 13523 13559 
1 3 2217 13936 2730 
1 2 2730 865 
1 11 2217 5889 5812 1236 13789 511 4152 5053 13639 114 9063 
1 11 5019 4849 14505 14535 743 4510 14664 14700 852 6364 215 
1 16 1755 14795 3088 14756 7266 7546 398 14634 2023 5974 7531 1168 6050 5918 14750 6364 
1 25 14634 14605 8718 7173 14558 987 589 1677 5484 1801 4399 438 14423 957 14472 884 14506 4530 3660 3001 14627 2083 9618 4477 398 
1 18 4530 5778 14542 6232 5028 8344 2043 8325 14583 14601 3243 8202 14607 6772 9230 2972 14568 9317 
1 24 13469 13419 4750 1636 13323 13282 9462 9796 4192 3793 9537 7586 12821 8251 12728 12673 5776 12619 9818 2575 7065 1471 12394 413 
1 6 413 5757 9335 8135 1050 2064 
1 2 7987 2829 
1 2 7987 8135 
1 3 840 1639 6586 
1 5 840 8433 12274 1635 1050 
1 3 6586 815 7019 
1 6 6345 8893 2288 12023 3045 1278 
1 6 11731 6223 2394 9523 9434 5724 
1 3 5724 894 9679 
1 7 894 5745 11948 9751 7304 7875 7019 
1 3 7142 7479 3755 
1 10 7479 6431 11335 5318 11229 11264 4032 11166 11141 11098 
1 2 10996 9525 
1 2 10996 11057 
1 2 9525 11057 
1 2 9525 9663 
1 2 9663 11091 
1 2 11091 7789 
1 2 7789 5840 
1 2 10996 3334 
1 2 3334 5840 
1 3 3334 10995 4573 
1 3 5840 11084 4573 
1 6 2240 1871 2957 2061 10901 10847 
1 6 4309 5524 8051 11029 4629 4358 
1 3 4562 10564 571 
1 7 150 4988 4848 10769 4210 7152 10847 
1 2 150 10745 
1 2 1710 532 
1 8 8450 11526 60 33 7552 11705 302 1629 
1 8 3551 1042 11701 4910 11605 1185 7685 11558 
1 6 57 11639 8503 8629 11600 11558 
1 5 57 11646 6833 11522 11477 
1 4 11129 11172 1744 2028 
1 12 11129 11096 2028 1328 6416 11169 9466 2414 8533 11243 4111 11261 
1 46 11139 177 3622 6296 5737 6403 11333 586 11299 4687 1791 2652 11184 678 3684 2191 8697 284 5622 3760 485 6 10973 3505 9410 9724 9793 3138 10690 282 10631 210 10636 379 1260 8410 6848 2029 10526 880 10464 229 10384 1602 8220 985 
1 10 5422 4593 7404 1727 6501 416 8254 2967 166 500 
1 2 1775 500 
1 6 1775 7039 1144 6036 7828 9549 
1 38 1775 10515 9409 1393 5052 1382 10396 5633 6992 8230 8819 8337 7902 6365 10465 5373 10445 3176 10424 9035 10381 2304 7006 1492 10359 7824 6269 1013 4356 10254 10247 6884 7934 10199 6871 2536 3666 238 
1 3 238 1316 7934 
1 12 6871 10172 3724 9346 974 10048 6118 10013 3906 10008 2263 4303 
1 6 9427 4770 10385 8576 6317 2967 
1 2 5052 9427 
1 12 268 1742 5018 8638 2115 7415 2573 7784 1177 5672 9496 2281 
1 3 5645 3545 727 
1 9 8092 10410 7264 814 10444 8838 9370 2087 10367 
1 2 5645 8092 
1 2 10367 7264 
1 8 1483 813 328 4262 9660 10166 1981 9064 
1 2 1483 5833 
1 6 9660 10273 5687 6184 4761 10425 
1 4 1419 5172 1029 10789 
1 13 135 10940 5056 973 7309 7915 11045 6760 5734 407 9720 10957 5524 
1 2 6760 17 
1 18 10759 5595 10683 6044 6265 10612 7248 10629 2931 8338 7625 10638 9105 1007 1174 8626 7566 10712 
1 2 150 1174 
1 4 8338 8252 10708 7152 
1 11 6265 7078 2995 5307 2298 7201 10552 1737 1663 5749 2482 
1 8 5692 3124 9275 9025 5790 9429 4243 11434 
1 10 10878 463 10819 10846 6234 10778 4414 5580 2341 301 
1 4 10878 10869 4559 11005 
1 5 10919 2996 10922 4135 3619 
1 2 10919 136 
1 12 5499 4780 8988 12233 12254 1606 2825 6801 2526 8500 2518 5823 
1 8 6801 6497 12356 5883 3892 12397 4710 234 
1 5 11579 11621 1300 8366 2326 
1 2 11579 615 
1 13 3350 8264 9585 7803 142 4757 1678 4552 370 12534 9702 1111 4697 
1 13 948 11627 8483 5591 940 2612 11737 11794 8964 11902 5208 8802 3504 
1 5 1885 12079 12047 12040 3504 
1 11 2007 8289 444 12338 6582 115 5839 105 5467 8633 5823 
1 3 105 12350 5823 
1 4 6748 3005 7020 2007 
1 2 9085 3005 
1 17 6748 2771 12349 2776 9174 4348 12419 2757 1062 9092 8025 12511 5300 8323 7092 12469 509 
1 4 104 12539 681 4348 
1 13 489 2530 1679 8380 2111 12609 12632 7235 5804 12665 8702 4368 104 
1 7 4809 12884 1474 12767 12787 1826 4368 
1 7 4809 12941 3318 2169 8784 9737 7224 
1 7 148 4315 12077 3359 12038 5204 5603 
1 5 12077 9321 12088 12074 12105 
1 3 148 2421 1560 
1 4 12220 2421 3714 9533 
1 5 9533 6174 8068 12090 2016 
1 4 2016 11952 7691 8998 
1 9 8129 2601 12368 12405 12448 9250 273 12608 12638 
1 5 12600 12671 3952 3678 12789 
1 2 3678 661 
1 4 13909 13868 6086 1236 
1 22 13909 5593 5278 7547 6058 7351 7074 9487 4879 3844 3850 2116 14404 5159 8885 9002 9550 7249 5154 14572 8146 3925 
1 5 3925 8038 754 14461 14430 
1 2 14927 645 
1 2 6111 14927 
1 3 14927 14930 2011 
1 2 6111 2867 
1 2 645 3661 
1 3 546 4843 1002 
1 4 8510 6880 3003 7246 
1 27 2463 513 7 14923 14916 14911 74 6149 14882 236 14873 14868 6428 1894 14869 2680 801 1576 6376 5512 14867 14877 4969 6995 853 14909 4843 
1 7 14927 1197 1392 14928 8480 2512 625 
1 2 14928 2512 
1 3 571 3674 7566 
1 3 10881 2194 7309 
1 4 1663 1468 10632 7529 
1 2 10444 6331 
1 6 2061 9769 10925 10979 6390 5524 
1 3 9720 11058 7302 
1 5 17 11132 821 11186 5185 
1 6 2255 6377 11263 921 1940 11373 
1 5 3779 738 11202 2557 921 
1 5 6377 780 11173 11133 738 
1 3 11090 4016 11133 
1 4 10496 5690 8769 5749 
1 2 8769 1468 
1 4 8769 3799 10590 8757 
1 2 6385 1209 
1 11 8757 5584 3413 4513 10741 1389 1968 2054 5311 7241 10881 
1 5 2995 9454 618 1434 2436 
1 5 2931 2005 47 1638 9105 
1 3 2442 9373 1638 
1 2 710 10409 
1 4 9974 3419 10003 110 
1 12 9974 877 9979 9998 3053 10020 10066 10107 460 10043 4361 10033 
1 9 425 4912 10285 701 8458 3036 8077 348 1382 
1 6 5373 3035 5939 10302 2604 425 
1 4 667 2068 5862 10877 
1 8 10877 6285 2130 10956 6641 4456 11055 2534 
1 3 11662 1040 11693 
1 2 11662 5917 
1 3 531 2154 1040 
1 6 1126 11927 2032 1728 7976 12065 
1 6 11752 11800 866 6931 9480 11955 
1 3 11705 2377 11784 
1 2 2377 1229 
1 5 7897 11706 2265 2980 4211 
1 3 2980 11830 4359 
1 2 4359 3857 
1 5 11830 3614 1041 4547 11649 
1 5 4547 3729 11743 5813 948 
1 2 107 11649 
1 4 5813 9269 11863 8682 
1 3 8682 6210 149 
1 4 8682 1646 11968 11956 
1 2 11956 4592 
1 5 11956 1984 11972 3819 1803 
1 2 1803 3504 
1 3 4592 12058 1719 
1 6 4592 6294 12053 12078 12117 7550 
1 2 12078 3504 
1 3 234 12499 5919 
1 6 3262 12659 2290 6366 3353 12783 
1 6 213 2252 4277 3848 12314 389 
1 5 389 12339 2106 2305 4546 
1 3 4546 1669 4147 
1 6 4147 79 3258 8631 4956 7400 
1 4 265 12521 5188 8017 
1 5 8017 3529 12601 1078 3262 
1 5 1984 6739 11827 3924 5591 
1 4 5813 4981 11793 3924 
1 4 6739 2328 11847 11794 
1 2 11847 8964 
1 6 11803 6646 3178 2541 11846 11813 
1 6 6646 5155 11901 11938 11965 7812 
1 3 11965 8586 12034 
1 6 3178 11967 6187 12033 7836 5546 
1 10 714 12370 8426 4212 5685 12317 7181 12335 7417 54 
1 5 714 9030 12525 12497 489 
1 5 54 3246 2560 2309 12609 
1 4 2771 317 12431 3246 
1 3 317 5001 9174 
1 6 12902 7881 9783 13022 2294 8788 
1 6 8788 8927 5949 7389 13115 4429 
1 5 6176 5315 1579 12882 12926 
1 3 6176 12862 12926 
1 4 1679 12693 12752 5315 
1 5 1579 6160 8599 8292 7798 
1 4 7798 303 6062 12665 
1 2 639 12926 
1 9 1465 3354 3086 13047 13040 8502 249 2828 12926 
1 5 819 6492 13230 8218 2810 
1 5 8218 13261 13235 7848 737 
1 5 737 13131 3984 3560 3311 
1 3 8260 13254 819 
1 7 8292 12955 12904 12898 3873 7801 5459 
1 3 3311 2456 5459 
1 4 7801 4407 2322 4809 
1 2 2322 12884 
1 4 12190 2197 9392 4212 
1 7 4214 3150 12202 3960 12267 354 12296 
1 2 354 12335 
1 4 79 12677 12737 8438 
1 10 8438 12876 5456 4163 13003 12989 1774 8648 7608 13009 
1 4 12783 4049 9573 13009 
1 12 1826 9536 3237 12621 7596 6736 12687 4369 7952 4509 12905 8784 
1 6 9185 4672 2570 9722 1796 4146 
1 2 4146 13929 
1 19 13929 13919 4650 3798 6718 2067 2966 8954 5193 5533 14184 2025 6279 773 5473 3956 3563 1171 1677 
1 10 865 2936 14096 8647 736 9680 9514 9475 6218 14184 
1 12 4146 3690 13900 2397 7767 3435 7326 5366 3443 13756 13710 13669 
1 2 7212 3786 
1 5 838 13837 2725 13777 6856 
1 3 196 13888 838 
1 3 838 4524 13972 
1 3 13920 13872 3443 
1 6 13920 13960 1857 7216 2405 9254 
1 6 9254 14089 1190 14126 1700 14196 
1 8 9254 2586 9656 1473 7888 2188 9113 14423 
1 7 14196 14224 3638 14253 14284 183 1448 
1 3 14055 7243 2477 
1 8 14055 3149 6615 7382 600 14272 3039 14371 
1 3 1448 99 14371 
1 4 99 14432 3922 5028 
1 2 1209 5584 
1 3 10795 792 9769 
1 2 4309 8883 
1 2 1029 6162 
1 2 427 10629 
1 3 427 4030 8252 
1 3 4430 3027 10600 
1 6 10311 2569 3534 7381 10182 813 
1 3 3715 9061 727 
1 3 416 3204 6293 
1 4 6293 10470 6387 10527 
1 4 6293 8522 10398 479 
1 4 10568 9435 964 198 
1 6 5910 10356 10399 7045 2679 10485 
1 4 10265 10281 5612 710 
1 2 1789 9095 
1 2 1789 10738 
1 5 19 11165 8567 5805 11322 
1 3 347 5480 11335 
1 3 347 3938 11229 
1 3 6390 5341 4629 
1 2 10979 5341 
1 3 5341 11013 2240 
1 4 3339 9779 5536 7796 
1 3 1940 5736 499 
1 5 6347 1599 8611 9834 6740 
1 6 8611 11663 495 1049 5350 6931 
1 5 1049 11839 11809 11795 3075 
1 10 11579 11523 5616 11566 11604 7886 6558 788 11804 1525 
1 2 11804 3689 
1 5 2919 11853 2271 7981 11794 
1 9 8483 5771 11565 3654 4142 9559 8204 1632 11602 
1 3 11737 37 9559 
1 6 11853 4877 11808 346 929 11641 
1 2 929 531 
1 5 2919 7183 7515 2699 1885 
1 2 12047 2699 
1 3 2699 12028 8743 
1 3 12028 5314 5394 
1 3 6091 9465 4078 
1 6 2032 2494 8090 1621 11886 102 
1 3 11642 7713 11621 
1 2 7886 6895 
1 2 7886 3339 
1 4 738 11158 7242 3402 
1 5 3402 8241 11143 11187 3938 
1 2 4358 11143 
1 2 8241 347 
1 2 396 11098 
1 2 396 11187 
1 4 4090 12203 97 607 
1 3 607 536 389 
1 2 9275 5987 
1 7 11122 6755 11156 11223 5362 3749 11394 
1 3 504 11180 4394 
1 3 1445 11371 11416 
1 4 2193 86 11287 11231 
1 9 11178 11205 1852 9552 11277 1325 11268 11226 8010 
1 2 11028 138 
1 3 138 4901 11028 
1 7 2476 659 10886 2764 2713 10791 168 
1 4 4414 1015 6925 3998 
1 5 1015 10752 4799 2228 136 
1 11 4910 9062 1003 3808 11626 7549 12 11618 6830 1245 60 
1 4 11773 11712 8984 11626 
1 4 943 7925 9682 3814 
1 5 6 5712 11124 145 9626 
1 5 9626 8571 7949 91 8349 
1 9 8349 6735 4255 6427 7734 11668 11684 11665 11707 
1 12 11299 8379 2861 8283 655 2558 8623 1080 2759 11491 2566 1295 
1 4 12513 3837 12571 193 
1 2 12513 6985 
1 3 193 1019 279 
1 4 279 7605 1073 794 
1 8 794 12662 2229 9208 2499 12461 12414 6383 
1 13 3760 1983 4903 250 1315 10731 5911 10726 10688 4059 10635 3756 9288 
1 4 1246 9288 5305 10691 
1 4 1246 5876 7084 7042 
1 9 10691 8221 4423 10808 7422 1846 9312 5324 5501 
1 9 5501 624 5179 128 8488 10988 912 7209 1410 
1 3 1410 6796 11129 
1 14 7842 4920 7519 3160 952 8064 1258 8091 2826 5848 3473 9128 8863 2861 
1 4 6073 7851 3980 488 
1 3 6960 3320 125 
1 2 6960 488 
1 2 12160 125 
1 7 488 8741 4439 12056 8537 1555 5237 
1 6 5237 12073 6528 12111 3738 3970 
1 3 5 6625 3970 
1 5 12160 2340 2459 12276 628 
1 3 628 4527 9455 
1 6 9455 7258 8723 161 720 5 
1 12 4384 39 12288 2902 1449 274 5445 12471 383 12559 646 255 
1 7 255 5555 5450 12492 5030 1043 12392 
1 3 4384 9744 2253 
1 7 3970 6021 12179 4739 12139 3216 6019 
1 9 6019 7413 11976 9714 8182 6222 5769 6286 11806 
1 4 6021 408 1484 2902 
1 8 4527 12391 3593 2592 12428 4107 12503 8917 
1 4 8917 954 12706 6761 
1 10 3452 6395 5750 13059 13019 12984 7317 92 3287 8653 
1 7 8653 7405 8414 12597 5649 2564 8917 
1 2 12597 2564 
1 3 5649 12462 226 
1 7 4249 8570 8318 5950 12325 6423 226 
1 8 226 12410 12379 12366 6299 12306 2301 12276 
1 2 9196 11656 
1 2 943 9196 
1 4 9196 2378 7935 923 
1 9 923 4740 11913 7921 9529 7067 8779 6212 1293 
1 6 1293 12026 4800 12009 911 7992 
1 4 7992 5664 5619 12159 
1 2 1249 11707 
1 4 2946 11594 3803 11665 
1 2 2946 9682 
1 2 11594 3814 
1 2 3814 3803 
1 2 3814 1249 
1 4 9682 11715 5818 1249 
1 2 5818 3814 
1 2 11715 3814 
1 2 3814 2946 
1 3 3607 7925 2946 
1 2 3607 11715 
1 4 2946 11552 2344 55 
1 4 11552 11490 11437 2162 
1 6 7676 6283 8375 6391 4377 1649 
1 7 1649 11812 233 5151 11780 8977 620 
1 11 2191 11031 5702 10954 1038 10876 4007 5032 7493 846 8221 
1 41 53 8381 13763 2752 4507 9440 13928 5997 172 2986 605 13981 4344 4545 1243 2625 14081 3164 14067 1075 14021 1556 8210 6630 13828 5291 13775 2616 1964 8790 1489 3226 9009 13707 3460 13794 7427 5708 13830 7276 7021 
1 3 7021 2391 53 
1 6 9029 2090 882 2508 6504 14370 
1 3 14370 208 9029 
1 5 2090 1593 1637 6580 345 
1 3 345 3578 14635 
1 8 14635 5238 14663 2950 14667 6409 14702 219 
1 6 219 8509 2449 14773 4667 4520 
1 4 4520 8462 6694 14573 
1 6 14573 14544 14500 5882 1610 4915 
1 5 4915 14364 5162 14373 870 
1 5 5162 6843 1824 5629 6504 
1 10 11963 6208 11979 4595 11906 7991 11857 11835 5657 11944 
1 4 11906 11944 6577 11952 
1 4 11979 12004 12052 2016 
1 2 12052 12090 
1 3 11835 11790 2989 
1 5 7655 3900 2889 1808 11394 
1 4 1808 11473 1715 7549 
1 8 11646 9202 6942 11638 3711 9001 5542 11768 
1 5 284 4343 505 11199 11184 
1 3 2129 373 1113 
1 7 7458 9411 12923 4102 9606 13023 8788 
1 6 249 9749 13062 13098 3010 737 
1 2 7596 1062 
1 3 5839 3615 12511 
1 6 2007 4680 2654 12175 5553 9302 
1 4 12175 8760 12120 1719 
1 7 12175 1944 6596 1865 7557 610 1028 
1 2 8633 610 
1 6 6250 5163 12211 4780 12140 12098 
1 2 12098 6250 
1 4 5163 2547 12166 4801 
1 3 7979 12297 5613 
1 5 479 10382 146 10363 901 
1 3 901 5455 10443 
1 3 7690 3739 2259 
1 4 3739 2279 3143 3018 
1 4 2381 10507 6227 3618 
1 3 6464 4220 10367 
1 4 10315 5253 3688 4865 
1 3 7484 8771 4865 
1 4 260 526 1642 7414 
1 3 4211 2980 4359 
1 2 4359 5012 
1 3 5012 7197 3614 
1 3 7812 4359 7197 
1 5 6501 9743 4979 10295 1311 
1 4 10033 6396 2591 10025 
1 7 10025 10024 6105 7104 3231 6703 7820 
1 5 11927 9264 11928 12008 12023 
1 14 9230 2879 9478 4784 14719 14745 14761 14778 14799 14818 3157 1442 2121 1223 
1 4 14761 9099 1549 2244 
1 6 2244 9636 3202 7090 2574 5723 
1 6 6364 8331 14791 4719 8000 3493 
1 6 3493 14823 4478 984 14772 144 
1 3 144 7523 5974 
1 3 2023 14675 398 
1 5 322 14754 7634 14756 14781 
1 4 14781 3503 14798 322 
1 5 14754 14727 8255 5251 14751 
1 4 14751 1873 9268 266 
1 7 266 7408 14729 14733 1289 14676 8698 
1 2 8698 8325 
1 4 7408 1931 480 8344 
1 3 14605 1699 14634 
1 11 3925 5168 14616 14649 14685 14697 14718 14703 1969 14744 852 
1 3 215 7620 852 
1 5 7090 14783 51 14742 266 
1 4 2257 14038 8391 1920 
1 3 1920 1557 14119 
1 3 1557 9080 14119 
1 6 14119 7222 2453 14207 5206 9214 
1 5 9214 14181 8131 9231 7138 
1 5 7138 4236 13944 13906 6457 
1 4 6457 13826 7538 2251 
1 4 8391 5900 287 13930 
1 6 287 6503 5049 13785 7277 5523 
1 5 5523 6247 5335 2439 4476 
1 6 6247 13594 6697 9068 6002 7277 
1 2 9068 565 
1 9 13594 13531 3683 4604 13459 4662 13411 5871 96 
1 4 96 13418 4446 13470 
1 4 13470 7378 7656 8544 
1 5 8544 3679 13627 9582 2886 
1 2 2886 1179 
1 6 5049 4206 13849 8978 8482 8024 
1 3 8024 1509 1179 
1 6 4476 5610 5791 3927 8952 7656 
1 5 2257 14084 7725 14147 9788 
1 5 6737 14194 3605 2857 14147 
1 4 6737 14227 14256 2811 
1 4 2811 7244 2667 14411 
1 5 14411 9319 14446 2682 4997 
1 4 4997 14489 227 6571 
1 8 6571 14467 8144 4024 14449 14453 14463 5174 
1 2 14453 775 
1 3 775 14431 5174 
1 3 5174 1163 8043 
1 5 775 6777 6067 5630 1644 
1 3 1644 14208 1250 
1 3 1250 14120 2539 
1 4 2539 5210 14182 1644 
1 4 2539 14082 4628 9614 
1 4 9614 7016 8474 159 
1 4 7642 5779 3284 8474 
1 4 159 2426 3161 6976 
1 4 6976 680 13605 7099 
1 2 3346 164 
1 2 1550 7642 
1 5 9582 6400 13658 13680 6976 
1 4 2257 14049 14022 13998 
1 4 13998 14027 2245 7814 
1 4 7814 14078 4495 2539 
1 4 7538 5067 1838 9768 
1 7 9768 13562 212 6663 4810 13415 4716 
1 6 4716 1431 7986 4515 13152 9354 
1 7 9354 557 6263 8654 1416 9703 1133 
1 6 1133 12964 2870 12867 4052 12851 
1 7 12851 8714 12814 5730 1498 12857 4570 
1 8 4570 3172 12808 2447 3055 12845 433 247 
1 6 247 12911 5700 12995 13025 5181 
1 7 13025 5586 13091 13135 13174 6953 540 
1 7 540 13262 13305 5022 13326 13355 4662 
1 6 9068 7450 13598 1722 178 9768 
1 6 5181 12965 4774 8275 13030 2268 
1 4 13030 6291 6349 464 
1 5 6291 5937 12953 8417 5281 
1 11 464 3826 13269 13316 5358 9150 13363 1723 13439 8359 7099 
1 9 5281 8079 1283 816 12921 12943 4902 3515 12715 
1 3 12715 7720 12570 
1 5 4810 13407 7622 4965 5539 
1 5 92 8003 6698 9134 1234 
1 9 1234 3866 5521 5306 1912 7316 13328 6139 5895 
1 12 5895 13471 5960 7835 6277 13608 4835 2799 13714 13774 975 13856 
1 2 9789 367 
1 3 1377 6459 367 
1 5 1294 9079 14652 14677 3162 
1 9 1294 14576 765 3706 3608 9449 1462 7511 2544 
1 6 2544 6685 3110 8374 14613 1962 
1 31 7903 14738 14752 5449 14800 63 14829 14836 8297 14838 4683 2505 2815 9228 1778 14731 7269 14681 7716 14645 7007 4020 3644 14538 1814 14523 8471 2497 14628 14669 742 
1 3 742 14711 7903 
1 2 1014 14523 
1 21 6357 10251 1394 10210 10312 10115 10080 5772 4115 9524 10145 8173 7907 340 5986 2874 5421 10304 7177 10372 8996 
1 5 10372 3245 10471 10500 65 
1 11 10167 802 10159 75 10162 10201 506 4935 10183 7860 2040 
1 8 10183 7730 1467 8971 7434 8284 4996 9676 
1 4 5856 10216 7185 9676 
1 8 9676 10133 810 9349 10203 4611 8452 1020 
1 8 9292 209 8525 6053 5909 6240 5973 1860 
1 6 1211 139 10480 7147 781 269 
1 2 139 631 
1 3 631 1686 781 
1 7 781 10544 10542 5469 2075 902 778 
1 3 778 10682 15 
1 2 15 10720 
1 4 2552 3876 10938 6610 
1 2 11307 11289 
1 3 2577 11064 8274 
1 3 8274 4644 3912 
1 5 3912 5954 8302 11244 2356 
1 5 7535 2100 553 12055 1270 
1 6 1270 6869 12127 12123 4974 12218 
1 9 12218 12256 1235 12377 6287 15093 9318 3699 12585 
1 5 4974 2110 9389 12168 577 
1 3 9389 8667 12168 
1 7 577 4861 9116 12181 4008 12194 12157 
1 2 12157 356 
1 3 11688 6398 278 
1 7 278 7913 11740 4093 11776 8909 3587 
1 5 12585 12636 1158 42 433 
1 3 3983 2916 6357 
1 3 1434 10576 6265 
1 8 2442 1891 10436 518 10438 10473 2971 4562 
1 5 2987 8561 8058 3613 10600 
1 3 4430 10497 6704 
1 6 2971 6793 10446 2571 10411 6704 
1 2 6704 6758 
1 2 3983 2978 
1 4 571 10610 7967 4430 
1 4 1133 13037 4113 2189 
1 3 975 6527 13856 
1 6 13856 13904 13925 13992 14005 648 
1 6 2127 8855 14201 14153 8279 14091 
1 4 14091 8732 7857 648 
1 2 6924 14597 
1 7 6924 14632 1213 14598 14585 155 6785 
1 5 6785 8165 14543 4005 1721 
1 22 1721 9287 7299 5236 5134 2347 14442 3995 5642 14525 1763 5233 14471 14434 4045 8520 14433 2236 3835 14369 14313 2127 
1 11 14081 9645 671 9262 4170 510 14290 14315 4246 5295 384 
1 5 8430 14741 3665 2691 14726 
1 4 14741 14726 14699 2691 
1 5 3665 14717 2717 14646 15129 
1 13 14646 8360 14567 5038 2066 8806 14419 1338 473 14348 1835 1308 5295 
1 13 5236 5958 14383 14399 14377 5978 6063 2921 14282 14239 14262 7782 4246 
1 30 13794 13762 13749 13700 7358 4898 7632 13543 7917 3768 13498 8907 13427 4955 1872 4789 6402 3315 13213 3631 13172 8067 6189 6904 13171 13153 13123 13074 13085 13086 
1 4 131 13086 13044 4707 
1 8 4707 131 6500 13007 9339 7164 13068 13101 
1 16 7164 3350 12997 8352 5152 12859 167 5372 12945 5323 8740 1127 12675 12630 8780 9136 
1 13 13059 496 7890 6746 4860 13257 5334 1388 13397 13456 13491 7879 6897 
1 4 13600 13628 6897 13570 
1 3 13570 13601 13600 
1 2 13601 13608 
1 6 3253 3242 13761 6102 13764 6527 
1 2 3253 6527 
1 3 3253 858 13856 
1 25 6761 12824 7474 3506 12907 12940 3017 3364 13039 783 1986 8124 8562 3438 2410 13366 13422 1939 6723 1180 9332 5405 2938 5438 13471 
1 12 1986 1781 13138 6818 4928 9812 1831 8268 6274 1339 5417 13074 
1 20 13856 13898 8475 13866 6082 13879 13917 2036 5283 13822 2749 7283 5382 8967 7973 4786 2357 13641 13609 4835 
1 4 742 3707 14679 5076 
1 5 5076 14728 3485 3074 14731 
1 4 6811 4501 786 1057 
1 2 6811 14326 
1 10 2577 11025 9422 10902 4140 10858 9503 2077 3911 6585 
1 6 65 10586 4841 6624 5797 10713 
1 4 3793 423 3623 9537 
1 18 536 9688 4802 5077 4614 12320 8358 2455 12420 7769 12482 5343 12493 7467 5969 12651 7156 1017 
1 8 12651 7638 1017 8862 4870 5069 12804 8251 
1 5 12493 8233 3020 8539 1471 
1 9 12482 12598 12672 12726 3497 12694 8634 8935 12737 
1 5 8358 734 2242 12488 4147 
1 4 2835 5118 1441 13469 
1 2 13777 13760 
1 2 4482 9043 
1 2 864 8646 
1 8 6574 5811 1992 7926 6194 5107 5265 7135 
1 4 575 2514 4978 8367 
1 3 8367 2514 14042 
1 2 14042 575 
1 6 6082 13966 4673 13994 13957 13917 
1 12 4673 8903 152 7445 8117 9555 241 9069 4657 14321 9778 3835 
1 2 9778 4657 
1 10 11923 5419 9567 4948 6858 4015 9709 7591 4962 11532 
1 3 924 11315 3273 
1 4 9567 9595 8604 1777 
1 5 9595 11733 1060 9294 9708 
