1;658.00;11.55;2193.00;big
1;842.00;9.50;2096.00;big
2;984.00;17.15;2138.00;big
2;1086.00;14.85;2022.00;big
3;1392.00;14.57;2040.00;big
3;1218.00;16.62;2096.00;big
4;1549.00;15.90;2089.00;big
4;1695.00;12.15;2133.00;big
5;1881.00;10.53;2119.00;big
5;2072.00;16.43;2122.00;big
6;1765.00;14.62;2023.00;big
6;1903.00;10.90;2015.00;big
7;1998.00;13.10;2015.00;big
7;2143.00;14.60;2015.00;big
8;2515.00;15.55;2054.00;big
8;2260.00;12.10;2106.00;big
9;2708.00;10.40;1950.00;big
9;2570.00;10.73;1884.00;big
10;2283.00;19.10;2001.00;big
10;2427.00;21.05;1960.00;big
11;2364.00;12.57;1813.00;big
11;2431.00;11.60;1853.00;big
12;2183.00;17.50;1839.00;big
12;2278.00;19.05;1869.00;big
13;2116.00;12.00;1922.00;big
13;1951.00;12.80;1887.00;big
14;1733.00;11.40;1935.00;big
14;1837.00;11.25;1870.00;big
15;1457.00;10.30;1906.00;big
15;1589.00;11.53;1907.00;big
16;1434.00;10.35;1766.00;big
16;1524.00;12.00;1731.00;big
17;1594.00;12.98;1782.00;big
17;1686.00;11.98;1791.00;big
18;1778.00;10.05;1760.00;big
18;1854.00;11.03;1683.00;big
19;2051.00;12.00;1795.00;big
19;1917.00;10.68;1773.00;big
20;2175.00;11.90;1737.00;big
20;2268.00;10.65;1687.00;big
21;2364.00;11.25;1701.00;big
21;2473.00;11.35;1700.00;big
22;2094.00;13.03;1691.00;big
22;1986.00;16.58;1677.00;big
23;2411.00;11.40;1581.00;big
23;2284.00;11.30;1579.00;big
24;2448.00;11.25;1349.00;big
24;2451.00;10.00;1474.00;big
25;2058.00;13.30;1610.00;big
25;2178.00;11.75;1596.00;big
26;2323.00;12.25;1492.00;big
26;2328.00;12.20;1379.00;big
27;1806.00;12.60;1593.00;big
27;1908.00;12.07;1583.00;big
28;1699.00;11.05;1648.00;big
28;1497.00;14.75;1655.00;big
29;2000.00;11.95;1476.00;big
29;1884.00;12.18;1489.00;big
30;2057.00;16.98;1537.00;big
30;2169.00;10.90;1503.00;big
31;2209.00;11.45;1415.00;big
31;2077.00;11.57;1389.00;big
32;1972.00;11.55;1347.00;big
32;1862.00;12.40;1311.00;big
33;1794.00;11.43;1471.00;big
33;1794.00;13.23;1380.00;big
34;1583.00;10.98;1551.00;big
34;1676.00;10.45;1547.00;big
35;1533.00;11.18;1410.00;big
35;1663.00;13.88;1445.00;big
36;1649.00;10.00;1248.00;big
36;1737.00;13.55;1304.00;big
37;1628.00;12.60;1359.00;big
37;1546.00;10.30;1309.00;big
38;1583.00;12.07;1170.00;big
38;1451.00;10.45;1205.00;big
39;1460.00;12.40;1506.00;big
39;1332.00;11.20;1505.00;big
40;1217.00;11.38;1592.00;big
40;1359.00;11.12;1618.00;big
41;1030.00;11.00;1530.00;big
41;1074.00;13.38;1646.00;big
42;1082.00;10.73;1413.00;big
42;1279.00;10.50;1411.00;big
43;2534.00;11.18;1178.00;big
43;2440.00;10.10;1226.00;big
44;2294.00;12.73;1288.00;big
44;2309.00;11.35;1168.00;big
45;2130.00;10.05;1265.00;big
45;2161.00;9.90;1171.00;big
46;1938.00;11.90;1184.00;big
46;2025.00;17.23;1184.00;big
47;1725.00;10.95;1109.00;big
47;1818.00;10.00;1184.00;big
48;1965.00;11.20;1033.00;big
48;1834.00;11.00;1016.00;big
49;1677.00;10.05;964.00;big
49;1649.00;11.00;1045.00;big
50;2099.00;11.70;1030.00;big
50;2186.00;13.82;971.00;big
51;2338.00;10.30;966.00;big
51;2267.00;12.30;1056.00;big
52;2514.00;10.40;1067.00;big
52;2408.00;10.00;1053.00;big
53;2458.00;10.07;937.00;big
53;2341.00;11.57;872.00;big
54;2153.00;12.80;879.00;big
54;1964.00;11.18;903.00;big
55;1944.00;11.57;816.00;big
55;2072.00;10.30;746.00;big
56;2241.00;11.05;693.00;big
56;2262.00;11.10;788.00;big
57;1857.00;10.43;782.00;big
57;1922.00;11.30;664.00;big
58;1662.00;13.10;761.00;big
58;1754.00;10.45;744.00;big
59;1725.00;14.65;619.00;big
59;1803.00;11.57;642.00;big
60;2368.00;10.10;734.00;big
60;2388.00;11.10;664.00;big
61;2150.00;14.00;597.00;big
61;2010.00;10.40;611.00;big
62;2323.00;11.60;594.00;big
62;2444.00;10.30;587.00;big
63;2346.00;11.60;496.00;big
63;2188.00;11.93;505.00;big
64;2157.00;10.30;421.00;big
64;2320.00;10.43;402.00;big
65;2014.00;10.95;502.00;big
65;1880.00;10.70;536.00;big
66;971.00;10.57;1746.00;big
66;885.00;10.98;1727.00;big
67;844.00;12.07;1630.00;big
67;934.00;11.82;1597.00;big
68;542.00;14.95;1964.00;big
68;468.00;14.35;1963.00;big
69;292.00;11.43;1941.00;big
69;380.00;12.00;2015.00;big
70;328.00;10.90;1821.00;big
70;420.00;11.15;1807.00;big
71;599.00;9.95;1852.00;big
71;524.00;11.07;1816.00;big
72;644.00;11.62;1947.00;big
72;707.00;10.60;1888.00;big
73;806.00;11.35;1800.00;big
73;729.00;12.15;1745.00;big
74;672.00;11.43;1660.00;big
74;745.00;11.50;1658.00;big
75;466.00;11.20;1689.00;big
75;602.00;10.65;1717.00;big
76;303.00;10.55;1532.00;big
76;377.00;11.00;1605.00;big
77;399.00;9.95;1482.00;big
77;417.00;9.50;1558.00;big
78;491.00;10.60;1565.00;big
78;595.00;10.85;1604.00;big
79;719.00;12.60;1540.00;big
79;567.00;11.03;1501.00;big
80;543.00;10.60;1411.00;big
80;651.00;11.05;1399.00;big
81;826.00;12.48;1507.00;big
81;935.00;12.05;1497.00;big
82;884.00;12.25;1414.00;big
82;775.00;12.98;1380.00;big
83;517.00;11.90;1273.00;big
83;644.00;11.40;1279.00;big
84;554.00;10.30;1131.00;big
84;486.00;10.30;1185.00;big
85;1104.00;11.68;1280.00;big
85;1209.00;10.50;1285.00;big
86;985.00;10.55;1285.00;big
86;876.00;16.93;1312.00;big
87;920.00;10.32;1115.00;big
87;1024.00;10.55;1135.00;big
88;1024.00;10.85;1205.00;big
88;1148.00;11.70;1203.00;big
89;865.00;12.45;1192.00;big
89;763.00;11.85;1226.00;big
90;672.00;11.10;1171.00;big
90;750.00;11.30;1115.00;big
91;655.00;10.50;1098.00;big
91;610.00;10.05;1026.00;big
92;756.00;12.90;1007.00;big
92;711.00;11.65;949.00;big
93;880.00;12.75;957.00;big
93;835.00;11.20;1055.00;big
94;983.00;10.10;970.00;big
94;961.00;11.90;1043.00;big
95;1134.00;10.60;917.00;big
95;1072.00;10.60;986.00;big
96;947.00;10.90;883.00;big
96;1041.00;12.05;874.00;big
97;860.00;9.50;862.00;big
97;772.00;12.32;882.00;big
98;1143.00;10.30;842.00;big
98;931.00;12.68;789.00;big
99;556.00;12.40;950.00;big
99;543.00;9.50;878.00;big
100;687.00;10.85;868.00;big
100;661.00;11.05;793.00;big
101;542.00;10.05;708.00;big
101;544.00;11.15;792.00;big
102;655.00;11.10;677.00;big
102;607.00;10.60;637.00;big
103;805.00;12.28;740.00;big
103;736.00;12.05;722.00;big
104;658.00;10.48;507.00;big
104;753.00;10.75;586.00;big
105;898.00;10.50;509.00;big
105;760.00;12.10;431.00;big
106;985.00;10.55;427.00;big
106;907.00;12.03;354.00;big
107;852.00;10.10;654.00;big
107;946.00;10.07;689.00;big
108;1028.00;10.53;536.00;big
108;989.00;10.75;600.00;big
109;1189.00;10.25;634.00;big
109;1121.00;9.50;555.00;big
110;1727.00;14.70;289.00;big
110;1585.00;10.95;316.00;big
111;3330.00;11.65;2080.00;big
111;3499.00;10.50;2045.00;big
112;3590.00;10.75;1921.00;big
112;3474.00;10.90;1896.00;big
113;3489.00;17.05;1747.00;big
113;3644.00;13.40;1791.00;big
114;3438.00;10.70;1623.00;big
114;3516.00;10.70;1631.00;big
115;3559.00;11.00;1528.00;big
115;3497.00;9.95;1525.00;big
116;3757.00;10.30;1452.00;big
116;3649.00;10.35;1525.00;big
117;3616.00;17.25;1663.00;big
117;3693.00;10.40;1634.00;big
118;4057.00;10.68;1461.00;big
118;3894.00;11.10;1410.00;big
119;4009.00;10.40;1548.00;big
119;3869.00;11.60;1527.00;big
120;3944.00;11.15;1761.00;big
120;3980.00;11.90;1664.00;big
121;3772.00;10.38;1610.00;big
121;3821.00;10.45;1705.00;big
122;3861.00;12.60;1818.00;big
122;3746.00;12.00;1834.00;big
123;4071.00;10.60;1736.00;big
123;4194.00;10.30;1653.00;big
124;4302.00;11.40;1702.00;big
124;4317.00;12.20;1644.00;big
125;4380.00;11.48;1780.00;big
125;4405.00;10.90;1705.00;big
126;4304.00;10.65;1514.00;big
126;4335.00;11.45;1587.00;big
127;4191.00;12.00;1550.00;big
127;4107.00;12.68;1594.00;big
128;4055.00;12.68;1865.00;big
128;3962.00;10.53;1877.00;big
129;3859.00;13.23;1965.00;big
129;3723.00;12.23;2007.00;big
130;3602.00;11.15;2169.00;big
130;3799.00;11.43;2134.00;big
131;3983.00;19.00;2097.00;big
131;4191.00;17.40;2115.00;big
132;4357.00;13.82;2229.00;big
132;4238.00;12.48;2207.00;big
133;4028.00;12.10;1988.00;big
133;4169.00;12.18;2009.00;big
134;4332.00;12.23;1934.00;big
134;4198.00;10.25;1935.00;big
135;4280.00;12.10;1835.00;big
135;4150.00;10.40;1844.00;big
136;4165.00;12.12;1764.00;big
136;4251.00;11.35;1765.00;big
137;4509.00;11.07;1810.00;big
137;4405.00;11.30;1833.00;big
138;4456.00;10.03;1932.00;big
138;4558.00;11.50;1947.00;big
139;4346.00;10.15;2009.00;big
139;4433.00;10.90;2078.00;big
140;4659.00;10.45;2076.00;big
140;4532.00;11.05;2041.00;big
141;4529.00;10.43;1617.00;big
141;4574.00;10.30;1705.00;big
142;4999.00;15.35;1795.00;big
142;4916.00;15.35;1856.00;big
143;4857.00;11.53;1776.00;big
143;4705.00;10.30;1826.00;big
144;4871.00;11.70;650.00;big
144;4783.00;10.85;698.00;big
145;4833.00;11.55;574.00;big
145;4730.00;10.90;608.00;big
146;4592.00;11.03;538.00;big
146;4659.00;11.00;528.00;big
147;4632.00;10.45;680.00;big
147;4539.00;11.50;635.00;big
148;4562.00;10.95;458.00;big
148;4594.00;10.43;405.00;big
149;4487.00;11.12;402.00;big
149;4513.00;10.30;329.00;big
150;4225.00;10.10;472.00;big
150;4275.00;10.30;400.00;big
151;4174.00;10.40;669.00;big
151;4272.00;10.90;556.00;big
152;4056.00;10.80;657.00;big
152;4150.00;10.30;575.00;big
153;4327.00;10.80;678.00;big
153;4344.00;10.85;544.00;big
154;4108.00;10.38;757.00;big
154;3992.00;10.60;718.00;big
155;4363.00;10.90;784.00;big
155;4443.00;10.10;724.00;big
156;4211.00;10.98;767.00;big
156;4272.00;10.57;789.00;big
157;4132.00;11.18;854.00;big
157;4034.00;12.55;819.00;big
158;3959.00;10.10;842.00;big
158;3884.00;12.57;875.00;big
159;4070.00;10.93;953.00;big
159;3978.00;10.90;942.00;big
160;4426.00;10.57;931.00;big
160;4366.00;11.70;873.00;big
161;4271.00;9.50;917.00;big
161;4179.00;12.62;953.00;big
162;4389.00;10.80;1012.00;big
162;4445.00;10.20;1036.00;big
163;3811.00;11.57;692.00;big
163;3895.00;10.00;744.00;big
164;4037.00;11.43;468.00;big
164;3966.00;11.00;547.00;big
165;3624.00;11.40;676.00;big
165;3719.00;10.40;678.00;big
166;3646.00;11.05;818.00;big
166;3532.00;11.35;773.00;big
167;3703.00;11.60;766.00;big
167;3790.00;11.53;797.00;big
168;3777.00;11.98;889.00;big
168;3699.00;11.57;895.00;big
169;3612.00;11.00;882.00;big
169;3541.00;12.05;859.00;big
170;3811.00;10.00;981.00;big
170;3743.00;17.93;989.00;big
171;3651.00;11.60;961.00;big
171;3542.00;10.15;947.00;big
172;3733.00;10.07;1055.00;big
172;3621.00;10.30;1024.00;big
173;3670.00;10.40;1165.00;big
173;3768.00;11.05;1178.00;big
174;3566.00;10.10;1229.00;big
174;3542.00;11.57;1138.00;big
175;3486.00;10.50;1042.00;big
175;3550.00;11.03;1069.00;big
176;4074.00;11.80;1029.00;big
176;4019.00;12.45;1065.00;big
177;3933.00;10.60;1016.00;big
177;3878.00;10.43;1072.00;big
178;3955.00;10.30;1152.00;big
178;3865.00;10.90;1168.00;big
179;4053.00;10.30;1168.00;big
179;4094.00;10.50;1237.00;big
180;4229.00;11.07;1050.00;big
180;4152.00;10.30;1118.00;big
181;4267.00;10.30;1297.00;big
181;4227.00;10.15;1209.00;big
182;4238.00;12.60;1128.00;big
182;4338.00;12.28;1131.00;big
183;4480.00;10.30;1210.00;big
183;4390.00;10.53;1196.00;big
184;4433.00;11.00;1297.00;big
184;4358.00;10.45;1268.00;big
185;4594.00;10.45;1251.00;big
185;4619.00;10.45;1157.00;big
186;4799.00;10.80;1283.00;big
186;4710.00;10.10;1284.00;big
187;4753.00;11.15;1158.00;big
187;4712.00;10.45;1217.00;big
188;1858.00;9.50;2228.00;big
188;2137.00;9.50;2256.00;big
189;1376.00;9.50;2261.00;big
189;1578.00;9.50;2244.00;big
190;844.00;9.50;2249.00;big
190;1072.00;9.50;2233.00;big
191;585.00;9.50;2276.00;big
191;338.00;9.50;2223.00;big
192;1294.00;9.50;1746.00;big
192;1365.00;9.50;1926.00;big
193;1242.00;9.50;1860.00;big
193;1139.00;9.50;1887.00;big
194;1043.00;9.50;1768.00;big
194;984.00;9.50;1923.00;big
195;895.00;9.50;1926.00;big
195;720.00;9.50;2036.00;big
196;478.00;9.50;2125.00;big
196;616.00;9.50;2103.00;big
197;322.00;9.50;2100.00;big
197;192.00;9.50;2103.00;big
198;166.00;10.20;2256.00;big
198;78.00;9.50;2242.00;big
199;208.00;9.50;1949.00;big
199;254.00;9.50;1793.00;big
200;184.00;9.50;1632.00;big
200;320.00;9.50;1669.00;big
201;435.00;9.50;1366.00;big
201;246.00;9.50;1444.00;big
202;1386.00;9.50;1352.00;big
202;1402.00;9.50;1199.00;big
203;1245.00;9.50;1246.00;big
203;1125.00;9.50;1339.00;big
204;1594.00;9.50;892.00;big
204;1538.00;9.50;1035.00;big
205;1030.00;9.50;1102.00;big
205;1160.00;9.50;1060.00;big
206;1386.00;9.50;1047.00;big
206;1266.00;9.50;1089.00;big
207;1284.00;10.10;878.00;big
207;1403.00;9.98;870.00;big
208;1502.00;9.50;785.00;big
208;1556.00;10.03;803.00;big
209;1060.00;9.50;500.00;big
209;1056.00;9.50;626.00;big
210;1211.00;9.93;769.00;big
210;1023.00;9.50;736.00;big
211;1617.00;10.10;623.00;big
211;1494.00;9.50;597.00;big
212;1361.00;9.50;651.00;big
212;1263.00;9.50;657.00;big
213;1467.00;9.50;399.00;big
213;1608.00;9.50;443.00;big
214;1680.00;9.50;206.00;big
214;1521.00;9.50;257.00;big
215;1782.00;9.50;358.00;big
215;1872.00;9.50;257.00;big
216;1188.00;9.50;512.00;big
216;1083.00;9.50;381.00;big
217;1319.00;9.50;310.00;big
217;1342.00;9.50;530.00;big
218;1904.00;9.50;457.00;big
218;1758.00;9.50;484.00;big
219;680.00;9.50;333.00;big
219;825.00;9.50;292.00;big
220;550.00;9.50;423.00;big
220;530.00;9.50;583.00;big
221;442.00;9.50;731.00;big
221;435.00;9.50;936.00;big
222;398.00;9.50;1218.00;big
222;433.00;9.50;1069.00;big
223;2103.00;9.50;410.00;big
223;1988.00;9.50;367.00;big
224;2237.00;9.50;331.00;big
224;2353.00;9.50;300.00;big
225;2499.00;10.05;322.00;big
225;2671.00;10.00;295.00;big
226;558.00;9.50;223.00;big
226;354.00;9.50;272.00;big
227;2547.00;9.50;579.00;big
227;2497.00;9.50;442.00;big
228;1355.00;9.50;117.00;big
228;1140.00;9.50;160.00;big
229;2569.00;9.50;714.00;big
229;2455.00;9.50;785.00;big
230;2566.00;9.50;900.00;big
230;2581.00;9.50;1020.00;big
231;2543.00;10.10;1731.00;big
231;2708.00;10.03;1779.00;big
232;2529.00;9.50;1578.00;big
232;2670.00;9.50;1593.00;big
233;2546.00;9.50;1430.00;big
233;2668.00;9.50;1364.00;big
234;2751.00;9.50;1873.00;big
234;2866.00;9.50;2036.00;big
235;2315.00;9.50;2195.00;big
235;2484.00;10.55;2185.00;big
236;2690.00;9.50;1160.00;big
236;2595.00;9.50;1256.00;big
237;2722.00;9.50;2265.00;big
237;3039.00;9.50;2276.00;big
238;2821.00;9.50;2150.00;big
238;2652.00;9.50;2094.00;big
239;3008.00;9.50;2134.00;big
239;3160.00;9.50;2110.00;big
240;3434.00;10.53;2218.00;big
240;3222.00;10.10;2194.00;big
241;3735.00;10.20;2267.00;big
241;3526.00;10.10;2275.00;big
242;4148.00;9.95;2283.00;big
242;3976.00;10.25;2258.00;big
243;3347.00;9.50;1956.00;big
243;3226.00;9.50;1980.00;big
244;3376.00;9.50;1729.00;big
244;3398.00;9.50;1827.00;big
245;3348.00;10.00;1507.00;big
245;3358.00;9.50;1604.00;big
246;3037.00;9.50;1902.00;big
246;3213.00;9.50;1858.00;big
247;2831.00;9.50;1744.00;big
247;2911.00;9.50;1598.00;big
248;3153.00;9.50;1555.00;big
248;3133.00;9.50;1688.00;big
249;2825.00;9.50;1400.00;big
249;2814.00;9.50;1222.00;big
250;3047.00;9.50;1418.00;big
250;3069.00;9.50;1248.00;big
251;3287.00;9.50;1224.00;big
251;3361.00;9.50;1370.00;big
252;3546.00;9.50;1447.00;big
252;3695.00;9.50;1387.00;big
253;3680.00;9.50;1308.00;big
253;3512.00;9.50;1341.00;big
254;3396.00;9.50;1061.00;big
254;3453.00;9.50;1211.00;big
255;3224.00;9.50;913.00;big
255;3414.00;9.50;732.00;big
256;3389.00;9.50;963.00;big
256;3449.00;9.50;884.00;big
257;3546.00;9.50;652.00;big
257;3627.00;10.30;753.00;big
258;2737.00;9.50;914.00;big
258;2768.00;9.50;606.00;big
259;2872.00;9.50;412.00;big
259;2722.00;9.50;454.00;big
260;3320.00;9.50;366.00;big
260;3474.00;9.50;578.00;big
261;3036.00;9.50;423.00;big
261;3137.00;9.50;312.00;big
262;471.00;9.50;26.00;big
262;660.00;10.50;37.00;big
263;1000.00;9.50;57.00;big
263;883.00;9.50;44.00;big
264;2776.00;10.00;59.00;big
264;3209.00;11.00;25.00;big
265;2731.00;9.50;88.00;big
265;2527.00;9.50;83.00;big
266;3031.00;9.50;141.00;big
266;2895.00;9.50;212.00;big
267;3208.00;9.50;115.00;big
267;3379.00;9.50;94.00;big
268;1621.00;9.50;42.00;big
268;1887.00;10.70;56.00;big
269;2154.00;10.60;40.00;big
269;2324.00;11.53;48.00;big
270;2123.00;9.50;215.00;big
270;2008.00;9.50;106.00;big
271;3004.00;9.50;1091.00;big
271;2851.00;9.50;1042.00;big
272;3260.00;9.50;1097.00;big
272;3103.00;9.50;988.00;big
273;3201.00;9.50;584.00;big
273;3310.00;9.50;637.00;big
274;3088.00;9.50;845.00;big
274;3187.00;9.50;728.00;big
275;2870.00;9.50;675.00;big
275;3021.00;9.50;590.00;big
276;2843.00;9.50;848.00;big
276;2974.00;9.50;805.00;big
277;4131.00;9.50;479.00;big
277;3986.00;9.50;622.00;big
278;3916.00;9.50;403.00;big
278;4045.00;9.50;342.00;big
279;4436.00;10.10;620.00;big
279;4402.00;10.10;571.00;big
280;4503.00;9.50;479.00;big
280;4402.00;10.20;466.00;big
281;3809.00;9.50;529.00;big
281;3899.00;9.50;622.00;big
282;3591.00;9.50;527.00;big
282;3701.00;9.50;560.00;big
283;4196.00;9.50;337.00;big
283;4132.00;9.50;240.00;big
284;4355.00;9.50;253.00;big
284;4403.00;9.50;348.00;big
285;3702.00;9.50;361.00;big
285;3519.00;9.50;347.00;big
286;3859.00;9.50;244.00;big
286;4004.00;9.50;192.00;big
287;3663.00;10.00;60.00;big
287;3516.00;10.68;60.00;big
288;4051.00;9.50;36.00;big
288;3831.00;10.43;61.00;big
289;3971.00;9.50;1261.00;big
289;3831.00;10.07;1306.00;big
290;4256.00;10.05;1356.00;big
290;4158.00;9.50;1309.00;big
291;4176.00;9.50;1458.00;big
291;4071.00;9.50;1367.00;big
292;4423.00;9.50;1508.00;big
292;4377.00;9.50;1432.00;big
293;4485.00;9.50;1676.00;big
293;4429.00;10.15;1568.00;big
294;4639.00;9.50;1731.00;big
294;4549.00;9.50;1760.00;big
295;4992.00;9.50;1717.00;big
295;4815.00;9.50;1722.00;big
296;5010.00;9.50;1884.00;big
296;4808.00;9.50;1922.00;big
297;4593.00;9.50;1883.00;big
297;4661.00;9.50;1961.00;big
298;4409.00;9.50;2184.00;big
298;4552.00;9.50;2180.00;big
299;4729.00;9.50;2069.00;big
299;4852.00;9.50;2047.00;big
300;4735.00;11.48;2205.00;big
300;4869.00;9.50;2253.00;big
301;5064.00;9.50;2025.00;big
301;5066.00;9.50;2178.00;big
302;93.00;9.50;1897.00;big
302;5109.00;9.50;1727.00;big
303;5037.00;9.50;1579.00;big
303;43.00;9.50;1522.00;big
304;4550.00;9.50;1490.00;big
304;4657.00;9.50;1580.00;big
305;4562.00;10.03;1346.00;big
305;4737.00;9.50;1380.00;big
306;4559.00;10.00;1187.00;big
306;4333.00;9.50;1030.00;big
307;4477.00;10.05;1050.00;big
307;4555.00;9.98;1058.00;big
308;4635.00;10.30;973.00;big
308;4682.00;10.32;937.00;big
309;4530.00;10.40;972.00;big
309;4540.00;10.10;911.00;big
310;4560.00;10.07;824.00;big
310;4475.00;10.20;795.00;big
311;5004.00;9.50;237.00;big
311;114.00;9.50;256.00;big
312;4917.00;10.00;1272.00;big
312;4850.00;9.50;1196.00;big
313;4800.00;9.50;1032.00;big
313;4704.00;9.50;1095.00;big
314;141.00;9.50;1276.00;big
314;5043.00;9.50;1323.00;big
315;200.00;9.50;1086.00;big
315;298.00;9.50;876.00;big
316;74.00;9.50;1028.00;big
316;5025.00;9.50;1039.00;big
317;4996.00;9.50;889.00;big
317;4820.00;9.50;901.00;big
318;133.00;9.50;774.00;big
318;5097.00;9.50;778.00;big
319;88.00;9.50;611.00;big
319;5077.00;9.50;614.00;big
320;4264.00;9.50;98.00;big
320;4520.00;9.50;103.00;big
321;4723.00;9.50;790.00;big
321;4940.00;9.50;719.00;big
322;4796.00;9.50;475.00;big
322;4951.00;9.50;511.00;big
323;4976.00;9.50;387.00;big
323;4830.00;9.50;248.00;big
324;4689.00;9.50;373.00;big
324;4535.00;9.50;262.00;big
325;4807.00;9.50;1578.00;big
325;4903.00;9.50;1418.00;big
326;309.00;9.50;539.00;big
326;281.00;9.50;648.00;big
327;64.00;9.50;459.00;big
327;180.00;9.50;460.00;big
328;5096.00;9.50;78.00;big
328;130.00;9.50;42.00;big
329;4720.00;9.50;108.00;big
329;4885.00;9.50;75.00;big
330;1813.00;11.80;935.00;big
330;1719.00;10.90;865.00;big
1;658.00;11.55;2193.00;small
1;842.00;9.50;2096.00;small
2;984.00;17.15;2138.00;small
2;1086.00;14.85;2022.00;small
3;1392.00;14.57;2040.00;small
3;1218.00;16.62;2096.00;small
4;1549.00;15.90;2089.00;small
4;1695.00;12.15;2133.00;small
5;1881.00;10.53;2119.00;small
5;2072.00;16.43;2122.00;small
6;1765.00;14.62;2023.00;small
6;1903.00;10.90;2015.00;small
7;1998.00;13.10;2015.00;small
7;2143.00;14.60;2015.00;small
8;2515.00;15.55;2054.00;small
8;2260.00;12.10;2106.00;small
9;2708.00;10.40;1950.00;small
9;2570.00;10.73;1884.00;small
10;2283.00;19.10;2001.00;small
10;2427.00;21.05;1960.00;small
11;2364.00;12.57;1813.00;small
11;2431.00;11.60;1853.00;small
12;2183.00;17.50;1839.00;small
12;2278.00;19.05;1869.00;small
13;2116.00;12.00;1922.00;small
13;1951.00;12.80;1887.00;small
14;1733.00;11.40;1935.00;small
14;1837.00;11.25;1870.00;small
15;1457.00;10.30;1906.00;small
15;1589.00;11.53;1907.00;small
16;1434.00;10.35;1766.00;small
16;1524.00;12.00;1731.00;small
17;1594.00;12.98;1782.00;small
17;1686.00;11.98;1791.00;small
18;1778.00;10.05;1760.00;small
18;1854.00;11.03;1683.00;small
19;2051.00;12.00;1795.00;small
19;1917.00;10.68;1773.00;small
20;2175.00;11.90;1737.00;small
20;2268.00;10.65;1687.00;small
21;2364.00;11.25;1701.00;small
21;2473.00;11.35;1700.00;small
22;2094.00;13.03;1691.00;small
22;1986.00;16.58;1677.00;small
23;2411.00;11.40;1581.00;small
23;2284.00;11.30;1579.00;small
24;2448.00;11.25;1349.00;small
24;2451.00;10.00;1474.00;small
25;2058.00;13.30;1610.00;small
25;2178.00;11.75;1596.00;small
26;2323.00;12.25;1492.00;small
26;2328.00;12.20;1379.00;small
27;1806.00;12.60;1593.00;small
27;1908.00;12.07;1583.00;small
28;1699.00;11.05;1648.00;small
28;1497.00;14.75;1655.00;small
29;2000.00;11.95;1476.00;small
29;1884.00;12.18;1489.00;small
30;2057.00;16.98;1537.00;small
30;2169.00;10.90;1503.00;small
31;2209.00;11.45;1415.00;small
31;2077.00;11.57;1389.00;small
32;1972.00;11.55;1347.00;small
32;1862.00;12.40;1311.00;small
33;1794.00;11.43;1471.00;small
33;1794.00;13.23;1380.00;small
34;1583.00;10.98;1551.00;small
34;1676.00;10.45;1547.00;small
35;1533.00;11.18;1410.00;small
35;1663.00;13.88;1445.00;small
36;1649.00;10.00;1248.00;small
36;1737.00;13.55;1304.00;small
37;1628.00;12.60;1359.00;small
37;1546.00;10.30;1309.00;small
38;1583.00;12.07;1170.00;small
38;1451.00;10.45;1205.00;small
39;1460.00;12.40;1506.00;small
39;1332.00;11.20;1505.00;small
40;1217.00;11.38;1592.00;small
40;1359.00;11.12;1618.00;small
41;1030.00;11.00;1530.00;small
41;1074.00;13.38;1646.00;small
42;1082.00;10.73;1413.00;small
42;1279.00;10.50;1411.00;small
43;2534.00;11.18;1178.00;small
43;2440.00;10.10;1226.00;small
44;2294.00;12.73;1288.00;small
44;2309.00;11.35;1168.00;small
45;2130.00;10.05;1265.00;small
45;2161.00;9.90;1171.00;small
46;1938.00;11.90;1184.00;small
46;2025.00;17.23;1184.00;small
47;1725.00;10.95;1109.00;small
47;1818.00;10.00;1184.00;small
48;1965.00;11.20;1033.00;small
48;1834.00;11.00;1016.00;small
49;1677.00;10.05;964.00;small
49;1649.00;11.00;1045.00;small
50;2099.00;11.70;1030.00;small
50;2186.00;13.82;971.00;small
51;2338.00;10.30;966.00;small
51;2267.00;12.30;1056.00;small
52;2514.00;10.40;1067.00;small
52;2408.00;10.00;1053.00;small
53;2458.00;10.07;937.00;small
53;2341.00;11.57;872.00;small
54;2153.00;12.80;879.00;small
54;1964.00;11.18;903.00;small
55;1944.00;11.57;816.00;small
55;2072.00;10.30;746.00;small
56;2241.00;11.05;693.00;small
56;2262.00;11.10;788.00;small
57;1857.00;10.43;782.00;small
57;1922.00;11.30;664.00;small
58;1662.00;13.10;761.00;small
58;1754.00;10.45;744.00;small
59;1725.00;14.65;619.00;small
59;1803.00;11.57;642.00;small
60;2368.00;10.10;734.00;small
60;2388.00;11.10;664.00;small
61;2150.00;14.00;597.00;small
61;2010.00;10.40;611.00;small
62;2323.00;11.60;594.00;small
62;2444.00;10.30;587.00;small
63;2346.00;11.60;496.00;small
63;2188.00;11.93;505.00;small
64;2157.00;10.30;421.00;small
64;2320.00;10.43;402.00;small
65;2014.00;10.95;502.00;small
65;1880.00;10.70;536.00;small
66;971.00;10.57;1746.00;small
66;885.00;10.98;1727.00;small
67;844.00;12.07;1630.00;small
67;934.00;11.82;1597.00;small
68;542.00;14.95;1964.00;small
68;468.00;14.35;1963.00;small
69;292.00;11.43;1941.00;small
69;380.00;12.00;2015.00;small
70;328.00;10.90;1821.00;small
70;420.00;11.15;1807.00;small
71;599.00;9.95;1852.00;small
71;524.00;11.07;1816.00;small
72;644.00;11.62;1947.00;small
72;707.00;10.60;1888.00;small
73;806.00;11.35;1800.00;small
73;729.00;12.15;1745.00;small
74;672.00;11.43;1660.00;small
74;745.00;11.50;1658.00;small
75;466.00;11.20;1689.00;small
75;602.00;10.65;1717.00;small
76;303.00;10.55;1532.00;small
76;377.00;11.00;1605.00;small
77;399.00;9.95;1482.00;small
77;417.00;9.50;1558.00;small
78;491.00;10.60;1565.00;small
78;595.00;10.85;1604.00;small
79;719.00;12.60;1540.00;small
79;567.00;11.03;1501.00;small
80;543.00;10.60;1411.00;small
80;651.00;11.05;1399.00;small
81;826.00;12.48;1507.00;small
81;935.00;12.05;1497.00;small
82;884.00;12.25;1414.00;small
82;775.00;12.98;1380.00;small
83;517.00;11.90;1273.00;small
83;644.00;11.40;1279.00;small
84;554.00;10.30;1131.00;small
84;486.00;10.30;1185.00;small
85;1104.00;11.68;1280.00;small
85;1209.00;10.50;1285.00;small
86;985.00;10.55;1285.00;small
86;876.00;16.93;1312.00;small
87;920.00;10.32;1115.00;small
87;1024.00;10.55;1135.00;small
88;1024.00;10.85;1205.00;small
88;1148.00;11.70;1203.00;small
89;865.00;12.45;1192.00;small
89;763.00;11.85;1226.00;small
90;672.00;11.10;1171.00;small
90;750.00;11.30;1115.00;small
91;655.00;10.50;1098.00;small
91;610.00;10.05;1026.00;small
92;756.00;12.90;1007.00;small
92;711.00;11.65;949.00;small
93;880.00;12.75;957.00;small
93;835.00;11.20;1055.00;small
94;983.00;10.10;970.00;small
94;961.00;11.90;1043.00;small
95;1134.00;10.60;917.00;small
95;1072.00;10.60;986.00;small
96;947.00;10.90;883.00;small
96;1041.00;12.05;874.00;small
97;860.00;9.50;862.00;small
97;772.00;12.32;882.00;small
98;1143.00;10.30;842.00;small
98;931.00;12.68;789.00;small
99;556.00;12.40;950.00;small
99;543.00;9.50;878.00;small
100;687.00;10.85;868.00;small
100;661.00;11.05;793.00;small
101;542.00;10.05;708.00;small
101;544.00;11.15;792.00;small
102;655.00;11.10;677.00;small
102;607.00;10.60;637.00;small
103;805.00;12.28;740.00;small
103;736.00;12.05;722.00;small
104;658.00;10.48;507.00;small
104;753.00;10.75;586.00;small
105;898.00;10.50;509.00;small
105;760.00;12.10;431.00;small
106;985.00;10.55;427.00;small
106;907.00;12.03;354.00;small
107;852.00;10.10;654.00;small
107;946.00;10.07;689.00;small
108;1028.00;10.53;536.00;small
108;989.00;10.75;600.00;small
109;1189.00;10.25;634.00;small
109;1121.00;9.50;555.00;small
110;1727.00;14.70;289.00;small
110;1585.00;10.95;316.00;small
111;3330.00;11.65;2080.00;small
111;3499.00;10.50;2045.00;small
112;3590.00;10.75;1921.00;small
112;3474.00;10.90;1896.00;small
113;3489.00;17.05;1747.00;small
113;3644.00;13.40;1791.00;small
114;3438.00;10.70;1623.00;small
114;3516.00;10.70;1631.00;small
115;3559.00;11.00;1528.00;small
115;3497.00;9.95;1525.00;small
116;3757.00;10.30;1452.00;small
116;3649.00;10.35;1525.00;small
117;3616.00;17.25;1663.00;small
117;3693.00;10.40;1634.00;small
118;4057.00;10.68;1461.00;small
118;3894.00;11.10;1410.00;small
119;4009.00;10.40;1548.00;small
119;3869.00;11.60;1527.00;small
120;3944.00;11.15;1761.00;small
120;3980.00;11.90;1664.00;small
121;3772.00;10.38;1610.00;small
121;3821.00;10.45;1705.00;small
122;3861.00;12.60;1818.00;small
122;3746.00;12.00;1834.00;small
123;4071.00;10.60;1736.00;small
123;4194.00;10.30;1653.00;small
124;4302.00;11.40;1702.00;small
124;4317.00;12.20;1644.00;small
125;4380.00;11.48;1780.00;small
125;4405.00;10.90;1705.00;small
126;4304.00;10.65;1514.00;small
126;4335.00;11.45;1587.00;small
127;4191.00;12.00;1550.00;small
127;4107.00;12.68;1594.00;small
128;4055.00;12.68;1865.00;small
128;3962.00;10.53;1877.00;small
129;3859.00;13.23;1965.00;small
129;3723.00;12.23;2007.00;small
130;3602.00;11.15;2169.00;small
130;3799.00;11.43;2134.00;small
131;3983.00;19.00;2097.00;small
131;4191.00;17.40;2115.00;small
132;4357.00;13.82;2229.00;small
132;4238.00;12.48;2207.00;small
133;4028.00;12.10;1988.00;small
133;4169.00;12.18;2009.00;small
134;4332.00;12.23;1934.00;small
134;4198.00;10.25;1935.00;small
135;4280.00;12.10;1835.00;small
135;4150.00;10.40;1844.00;small
136;4165.00;12.12;1764.00;small
136;4251.00;11.35;1765.00;small
137;4509.00;11.07;1810.00;small
137;4405.00;11.30;1833.00;small
138;4456.00;10.03;1932.00;small
138;4558.00;11.50;1947.00;small
139;4346.00;10.15;2009.00;small
139;4433.00;10.90;2078.00;small
140;4659.00;10.45;2076.00;small
140;4532.00;11.05;2041.00;small
141;4529.00;10.43;1617.00;small
141;4574.00;10.30;1705.00;small
142;4999.00;15.35;1795.00;small
142;4916.00;15.35;1856.00;small
143;4857.00;11.53;1776.00;small
143;4705.00;10.30;1826.00;small
144;4871.00;11.70;650.00;small
144;4783.00;10.85;698.00;small
145;4833.00;11.55;574.00;small
145;4730.00;10.90;608.00;small
146;4592.00;11.03;538.00;small
146;4659.00;11.00;528.00;small
147;4632.00;10.45;680.00;small
147;4539.00;11.50;635.00;small
148;4562.00;10.95;458.00;small
148;4594.00;10.43;405.00;small
149;4487.00;11.12;402.00;small
149;4513.00;10.30;329.00;small
150;4225.00;10.10;472.00;small
150;4275.00;10.30;400.00;small
151;4174.00;10.40;669.00;small
151;4272.00;10.90;556.00;small
152;4056.00;10.80;657.00;small
152;4150.00;10.30;575.00;small
153;4327.00;10.80;678.00;small
153;4344.00;10.85;544.00;small
154;4108.00;10.38;757.00;small
154;3992.00;10.60;718.00;small
155;4363.00;10.90;784.00;small
155;4443.00;10.10;724.00;small
156;4211.00;10.98;767.00;small
156;4272.00;10.57;789.00;small
157;4132.00;11.18;854.00;small
157;4034.00;12.55;819.00;small
158;3959.00;10.10;842.00;small
158;3884.00;12.57;875.00;small
159;4070.00;10.93;953.00;small
159;3978.00;10.90;942.00;small
160;4426.00;10.57;931.00;small
160;4366.00;11.70;873.00;small
161;4271.00;9.50;917.00;small
161;4179.00;12.62;953.00;small
162;4389.00;10.80;1012.00;small
162;4445.00;10.20;1036.00;small
163;3811.00;11.57;692.00;small
163;3895.00;10.00;744.00;small
164;4037.00;11.43;468.00;small
164;3966.00;11.00;547.00;small
165;3624.00;11.40;676.00;small
165;3719.00;10.40;678.00;small
166;3646.00;11.05;818.00;small
166;3532.00;11.35;773.00;small
167;3703.00;11.60;766.00;small
167;3790.00;11.53;797.00;small
168;3777.00;11.98;889.00;small
168;3699.00;11.57;895.00;small
169;3612.00;11.00;882.00;small
169;3541.00;12.05;859.00;small
170;3811.00;10.00;981.00;small
170;3743.00;17.93;989.00;small
171;3651.00;11.60;961.00;small
171;3542.00;10.15;947.00;small
172;3733.00;10.07;1055.00;small
172;3621.00;10.30;1024.00;small
173;3670.00;10.40;1165.00;small
173;3768.00;11.05;1178.00;small
174;3566.00;10.10;1229.00;small
174;3542.00;11.57;1138.00;small
175;3486.00;10.50;1042.00;small
175;3550.00;11.03;1069.00;small
176;4074.00;11.80;1029.00;small
176;4019.00;12.45;1065.00;small
177;3933.00;10.60;1016.00;small
177;3878.00;10.43;1072.00;small
178;3955.00;10.30;1152.00;small
178;3865.00;10.90;1168.00;small
179;4053.00;10.30;1168.00;small
179;4094.00;10.50;1237.00;small
180;4229.00;11.07;1050.00;small
180;4152.00;10.30;1118.00;small
181;4267.00;10.30;1297.00;small
181;4227.00;10.15;1209.00;small
182;4238.00;12.60;1128.00;small
182;4338.00;12.28;1131.00;small
183;4480.00;10.30;1210.00;small
183;4390.00;10.53;1196.00;small
184;4433.00;11.00;1297.00;small
184;4358.00;10.45;1268.00;small
185;4594.00;10.45;1251.00;small
185;4619.00;10.45;1157.00;small
186;4799.00;10.80;1283.00;small
186;4710.00;10.10;1284.00;small
187;4753.00;11.15;1158.00;small
187;4712.00;10.45;1217.00;small
188;1858.00;9.50;2228.00;small
188;2137.00;9.50;2256.00;small
189;1376.00;9.50;2261.00;small
189;1578.00;9.50;2244.00;small
190;844.00;9.50;2249.00;small
190;1072.00;9.50;2233.00;small
191;585.00;9.50;2276.00;small
191;338.00;9.50;2223.00;small
192;1294.00;9.50;1746.00;small
192;1365.00;9.50;1926.00;small
193;1242.00;9.50;1860.00;small
193;1139.00;9.50;1887.00;small
194;1043.00;9.50;1768.00;small
194;984.00;9.50;1923.00;small
195;895.00;9.50;1926.00;small
195;720.00;9.50;2036.00;small
196;478.00;9.50;2125.00;small
196;616.00;9.50;2103.00;small
197;322.00;9.50;2100.00;small
197;192.00;9.50;2103.00;small
198;166.00;10.20;2256.00;small
198;78.00;9.50;2242.00;small
199;208.00;9.50;1949.00;small
199;254.00;9.50;1793.00;small
200;184.00;9.50;1632.00;small
200;320.00;9.50;1669.00;small
201;435.00;9.50;1366.00;small
201;246.00;9.50;1444.00;small
202;1386.00;9.50;1352.00;small
202;1402.00;9.50;1199.00;small
203;1245.00;9.50;1246.00;small
203;1125.00;9.50;1339.00;small
204;1594.00;9.50;892.00;small
204;1538.00;9.50;1035.00;small
205;1030.00;9.50;1102.00;small
205;1160.00;9.50;1060.00;small
206;1386.00;9.50;1047.00;small
206;1266.00;9.50;1089.00;small
207;1284.00;10.10;878.00;small
207;1403.00;9.98;870.00;small
208;1502.00;9.50;785.00;small
208;1556.00;10.03;803.00;small
209;1060.00;9.50;500.00;small
209;1056.00;9.50;626.00;small
210;1211.00;9.93;769.00;small
210;1023.00;9.50;736.00;small
211;1617.00;10.10;623.00;small
211;1494.00;9.50;597.00;small
212;1361.00;9.50;651.00;small
212;1263.00;9.50;657.00;small
213;1467.00;9.50;399.00;small
213;1608.00;9.50;443.00;small
214;1680.00;9.50;206.00;small
214;1521.00;9.50;257.00;small
215;1782.00;9.50;358.00;small
215;1872.00;9.50;257.00;small
216;1188.00;9.50;512.00;small
216;1083.00;9.50;381.00;small
217;1319.00;9.50;310.00;small
217;1342.00;9.50;530.00;small
218;1904.00;9.50;457.00;small
218;1758.00;9.50;484.00;small
219;680.00;9.50;333.00;small
219;825.00;9.50;292.00;small
220;550.00;9.50;423.00;small
220;530.00;9.50;583.00;small
221;442.00;9.50;731.00;small
221;435.00;9.50;936.00;small
222;398.00;9.50;1218.00;small
222;433.00;9.50;1069.00;small
223;2103.00;9.50;410.00;small
223;1988.00;9.50;367.00;small
224;2237.00;9.50;331.00;small
224;2353.00;9.50;300.00;small
225;2499.00;10.05;322.00;small
225;2671.00;10.00;295.00;small
226;558.00;9.50;223.00;small
226;354.00;9.50;272.00;small
227;2547.00;9.50;579.00;small
227;2497.00;9.50;442.00;small
228;1355.00;9.50;117.00;small
228;1140.00;9.50;160.00;small
229;2569.00;9.50;714.00;small
229;2455.00;9.50;785.00;small
230;2566.00;9.50;900.00;small
230;2581.00;9.50;1020.00;small
231;2543.00;10.10;1731.00;small
231;2708.00;10.03;1779.00;small
232;2529.00;9.50;1578.00;small
232;2670.00;9.50;1593.00;small
233;2546.00;9.50;1430.00;small
233;2668.00;9.50;1364.00;small
234;2751.00;9.50;1873.00;small
234;2866.00;9.50;2036.00;small
235;2315.00;9.50;2195.00;small
235;2484.00;10.55;2185.00;small
236;2690.00;9.50;1160.00;small
236;2595.00;9.50;1256.00;small
237;2722.00;9.50;2265.00;small
237;3039.00;9.50;2276.00;small
238;2821.00;9.50;2150.00;small
238;2652.00;9.50;2094.00;small
239;3008.00;9.50;2134.00;small
239;3160.00;9.50;2110.00;small
240;3434.00;10.53;2218.00;small
240;3222.00;10.10;2194.00;small
241;3735.00;10.20;2267.00;small
241;3526.00;10.10;2275.00;small
242;4148.00;9.95;2283.00;small
242;3976.00;10.25;2258.00;small
243;3347.00;9.50;1956.00;small
243;3226.00;9.50;1980.00;small
244;3376.00;9.50;1729.00;small
244;3398.00;9.50;1827.00;small
245;3348.00;10.00;1507.00;small
245;3358.00;9.50;1604.00;small
246;3037.00;9.50;1902.00;small
246;3213.00;9.50;1858.00;small
247;2831.00;9.50;1744.00;small
247;2911.00;9.50;1598.00;small
248;3153.00;9.50;1555.00;small
248;3133.00;9.50;1688.00;small
249;2825.00;9.50;1400.00;small
249;2814.00;9.50;1222.00;small
250;3047.00;9.50;1418.00;small
250;3069.00;9.50;1248.00;small
251;3287.00;9.50;1224.00;small
251;3361.00;9.50;1370.00;small
252;3546.00;9.50;1447.00;small
252;3695.00;9.50;1387.00;small
253;3680.00;9.50;1308.00;small
253;3512.00;9.50;1341.00;small
254;3396.00;9.50;1061.00;small
254;3453.00;9.50;1211.00;small
255;3224.00;9.50;913.00;small
255;3414.00;9.50;732.00;small
256;3389.00;9.50;963.00;small
256;3449.00;9.50;884.00;small
257;3546.00;9.50;652.00;small
257;3627.00;10.30;753.00;small
258;2737.00;9.50;914.00;small
258;2768.00;9.50;606.00;small
259;2872.00;9.50;412.00;small
259;2722.00;9.50;454.00;small
260;3320.00;9.50;366.00;small
260;3474.00;9.50;578.00;small
261;3036.00;9.50;423.00;small
261;3137.00;9.50;312.00;small
262;471.00;9.50;26.00;small
262;660.00;10.50;37.00;small
263;1000.00;9.50;57.00;small
263;883.00;9.50;44.00;small
264;2776.00;10.00;59.00;small
264;3209.00;11.00;25.00;small
265;2731.00;9.50;88.00;small
265;2527.00;9.50;83.00;small
266;3031.00;9.50;141.00;small
266;2895.00;9.50;212.00;small
267;3208.00;9.50;115.00;small
267;3379.00;9.50;94.00;small
268;1621.00;9.50;42.00;small
268;1887.00;10.70;56.00;small
269;2154.00;10.60;40.00;small
269;2324.00;11.53;48.00;small
270;2123.00;9.50;215.00;small
270;2008.00;9.50;106.00;small
271;3004.00;9.50;1091.00;small
271;2851.00;9.50;1042.00;small
272;3260.00;9.50;1097.00;small
272;3103.00;9.50;988.00;small
273;3201.00;9.50;584.00;small
273;3310.00;9.50;637.00;small
274;3088.00;9.50;845.00;small
274;3187.00;9.50;728.00;small
275;2870.00;9.50;675.00;small
275;3021.00;9.50;590.00;small
276;2843.00;9.50;848.00;small
276;2974.00;9.50;805.00;small
277;4131.00;9.50;479.00;small
277;3986.00;9.50;622.00;small
278;3916.00;9.50;403.00;small
278;4045.00;9.50;342.00;small
279;4436.00;10.10;620.00;small
279;4402.00;10.10;571.00;small
280;4503.00;9.50;479.00;small
280;4402.00;10.20;466.00;small
281;3809.00;9.50;529.00;small
281;3899.00;9.50;622.00;small
282;3591.00;9.50;527.00;small
282;3701.00;9.50;560.00;small
283;4196.00;9.50;337.00;small
283;4132.00;9.50;240.00;small
284;4355.00;9.50;253.00;small
284;4403.00;9.50;348.00;small
285;3702.00;9.50;361.00;small
285;3519.00;9.50;347.00;small
286;3859.00;9.50;244.00;small
286;4004.00;9.50;192.00;small
287;3663.00;10.00;60.00;small
287;3516.00;10.68;60.00;small
288;4051.00;9.50;36.00;small
288;3831.00;10.43;61.00;small
289;3971.00;9.50;1261.00;small
289;3831.00;10.07;1306.00;small
290;4256.00;10.05;1356.00;small
290;4158.00;9.50;1309.00;small
291;4176.00;9.50;1458.00;small
291;4071.00;9.50;1367.00;small
292;4423.00;9.50;1508.00;small
292;4377.00;9.50;1432.00;small
293;4485.00;9.50;1676.00;small
293;4429.00;10.15;1568.00;small
294;4639.00;9.50;1731.00;small
294;4549.00;9.50;1760.00;small
295;4992.00;9.50;1717.00;small
295;4815.00;9.50;1722.00;small
296;5010.00;9.50;1884.00;small
296;4808.00;9.50;1922.00;small
297;4593.00;9.50;1883.00;small
297;4661.00;9.50;1961.00;small
298;4409.00;9.50;2184.00;small
298;4552.00;9.50;2180.00;small
299;4729.00;9.50;2069.00;small
299;4852.00;9.50;2047.00;small
300;4735.00;11.48;2205.00;small
300;4869.00;9.50;2253.00;small
301;5064.00;9.50;2025.00;small
301;5066.00;9.50;2178.00;small
302;93.00;9.50;1897.00;small
302;5109.00;9.50;1727.00;small
303;5037.00;9.50;1579.00;small
303;43.00;9.50;1522.00;small
304;4550.00;9.50;1490.00;small
304;4657.00;9.50;1580.00;small
305;4562.00;10.03;1346.00;small
305;4737.00;9.50;1380.00;small
306;4559.00;10.00;1187.00;small
306;4333.00;9.50;1030.00;small
307;4477.00;10.05;1050.00;small
307;4555.00;9.98;1058.00;small
308;4635.00;10.30;973.00;small
308;4682.00;10.32;937.00;small
309;4530.00;10.40;972.00;small
309;4540.00;10.10;911.00;small
310;4560.00;10.07;824.00;small
310;4475.00;10.20;795.00;small
311;5004.00;9.50;237.00;small
311;114.00;9.50;256.00;small
312;4917.00;10.00;1272.00;small
312;4850.00;9.50;1196.00;small
313;4800.00;9.50;1032.00;small
313;4704.00;9.50;1095.00;small
314;141.00;9.50;1276.00;small
314;5043.00;9.50;1323.00;small
315;200.00;9.50;1086.00;small
315;298.00;9.50;876.00;small
316;74.00;9.50;1028.00;small
316;5025.00;9.50;1039.00;small
317;4996.00;9.50;889.00;small
317;4820.00;9.50;901.00;small
318;133.00;9.50;774.00;small
318;5097.00;9.50;778.00;small
319;88.00;9.50;611.00;small
319;5077.00;9.50;614.00;small
320;4264.00;9.50;98.00;small
320;4520.00;9.50;103.00;small
321;4723.00;9.50;790.00;small
321;4940.00;9.50;719.00;small
322;4796.00;9.50;475.00;small
322;4951.00;9.50;511.00;small
323;4976.00;9.50;387.00;small
323;4830.00;9.50;248.00;small
324;4689.00;9.50;373.00;small
324;4535.00;9.50;262.00;small
325;4807.00;9.50;1578.00;small
325;4903.00;9.50;1418.00;small
326;309.00;9.50;539.00;small
326;281.00;9.50;648.00;small
327;64.00;9.50;459.00;small
327;180.00;9.50;460.00;small
328;5096.00;9.50;78.00;small
328;130.00;9.50;42.00;small
329;4720.00;9.50;108.00;small
329;4885.00;9.50;75.00;small
330;1813.00;11.80;935.00;small
330;1719.00;10.90;865.00;small
